#RPLIDAR SCAN DATA
#COUNT=300
#Angule	Distance	Quality
3.3438 311.0 37
5.0313 310.3 29
5.9375 311.0 26
7.0938 312.5 34
8.2813 313.8 35
9.5313 314.8 31
10.5000 315.5 32
11.5938 317.5 33
13.1563 319.0 35
14.1875 320.0 28
15.4063 321.8 31
16.6875 323.5 34
17.5156 325.8 29
19.0313 328.3 27
20.3125 330.5 30
21.3281 333.0 28
22.4375 335.5 29
23.3281 338.8 28
24.5781 342.3 30
25.5781 345.5 26
27.2500 348.5 28
28.1719 352.3 23
29.2500 356.5 29
30.3594 359.8 25
31.4219 365.3 26
32.6406 369.8 24
33.6406 374.5 23
35.1406 379.8 21
36.1563 386.0 23
37.0938 391.8 24
38.4219 397.5 24
39.6563 397.8 23
41.0156 388.5 22
42.0313 379.0 23
43.4063 370.0 24
44.7188 362.5 26
46.0469 354.8 27
47.4219 347.3 28
48.9844 340.8 27
50.0000 335.0 29
51.1250 329.0 26
52.9375 323.0 32
53.7656 318.3 32
54.8438 313.8 30
56.7031 309.3 29
57.8594 305.0 34
58.8438 301.3 33
60.5156 297.3 32
61.4063 293.3 28
62.6719 290.8 31
63.8438 287.0 32
65.4375 284.3 30
66.2813 281.8 36
67.8594 279.0 30
69.5625 276.5 33
70.0313 274.3 35
71.8750 272.0 36
72.3750 270.8 38
73.6875 268.8 32
75.0000 267.3 32
76.9219 265.8 36
77.5625 264.5 32
78.5313 263.5 32
81.0156 262.3 38
81.0156 261.5 35
82.8281 260.5 36
83.9531 260.0 36
84.8906 259.8 39
86.3438 259.3 34
87.0313 259.0 36
89.3750 258.8 36
90.6094 258.8 34
90.9063 259.0 37
92.9219 259.3 33
94.4531 259.5 35
94.6719 260.3 38
95.5313 260.8 35
96.8906 261.5 34
97.8906 262.3 39
99.5000 263.0 36
101.0156 264.3 32
101.7969 265.5 31
102.7188 266.8 35
104.8594 268.3 40
105.9688 269.8 32
107.3438 271.3 35
108.3438 273.3 31
109.5938 275.0 33
109.7813 277.0 34
110.8281 279.5 30
112.6250 282.0 29
113.7969 284.5 31
114.8281 287.0 32
116.2656 290.3 31
116.8594 293.0 31
117.6250 296.5 31
119.1094 300.3 29
120.0469 303.3 28
121.7344 306.8 30
122.5313 310.5 29
123.6875 315.0 27
124.6250 319.0 30
125.7188 324.0 28
127.0000 328.3 28
128.2656 334.0 25
128.9531 338.5 23
130.2656 344.5 26
131.7031 350.5 27
132.7969 356.8 26
133.9063 362.8 26
134.6563 370.3 23
135.7031 377.8 22
136.9688 385.5 23
137.9063 393.8 21
139.0469 402.8 24
140.2500 411.5 21
141.3750 422.0 22
142.7188 433.3 20
143.7188 444.5 19
144.9844 450.8 23
146.2813 453.5 25
147.2031 448.8 25
148.5469 443.0 29
149.9844 437.5 24
150.9844 433.0 23
152.4688 427.5 27
153.6094 423.5 25
154.7344 419.0 25
156.0938 415.3 25
157.2500 411.5 30
158.3750 408.3 29
159.5469 405.5 29
161.1250 402.8 30
162.0938 401.0 32
163.5469 397.5 28
164.5313 396.0 29
165.8906 393.8 25
166.7188 392.0 27
168.3125 390.3 23
169.3125 389.3 20
170.5625 388.8 17
171.4219 391.0 17
172.6406 394.5 16
174.0625 396.5 17
175.3594 398.8 17
176.5156 400.5 23
177.4375 401.3 28
178.8750 401.8 29
180.0625 401.3 26
180.8594 402.3 28
182.2031 401.8 25
183.3281 402.5 28
184.5469 403.5 28
186.0625 404.8 26
187.0781 404.8 27
188.1719 406.0 26
189.7344 408.3 26
190.7188 409.8 26
191.9688 410.3 25
193.0625 412.3 25
194.3281 415.0 24
195.3438 416.5 24
196.6250 419.8 22
197.7656 422.3 23
198.8125 425.5 23
200.2500 427.8 23
201.2969 431.0 25
202.3125 434.5 23
203.7188 438.0 21
204.9063 442.3 24
206.0938 445.5 23
207.3281 448.8 25
208.5313 453.3 26
209.4375 458.3 24
211.0000 440.8 19
212.2813 426.0 20
213.5938 412.3 22
214.7031 399.5 23
216.2656 388.3 22
217.6719 377.0 23
218.7031 367.5 26
219.9063 357.5 29
221.4531 349.3 28
222.7500 341.0 24
224.2031 333.5 27
225.1563 326.3 26
226.7344 319.5 26
228.1875 313.5 28
229.4531 307.0 30
230.3906 302.5 29
231.7344 296.8 30
232.8906 291.5 32
234.0781 287.5 29
235.7656 283.0 30
237.5781 277.8 33
238.4063 274.0 33
240.0781 270.8 33
241.1406 266.8 33
242.1563 263.5 31
244.0156 260.3 36
245.2500 257.5 30
245.7500 255.0 29
248.5313 252.3 34
248.6719 250.0 36
250.6563 247.8 35
251.5000 245.5 35
252.2500 244.0 34
254.1875 242.3 34
256.5313 240.5 34
255.7656 239.5 41
256.9219 238.0 36
258.3594 237.0 36
259.8438 236.3 33
262.3281 235.0 36
263.0156 234.3 38
265.0000 233.3 38
264.9063 233.0 39
266.8594 232.5 41
267.0000 232.5 37
269.8438 231.8 37
270.6406 232.0 37
272.2656 231.8 39
273.4688 231.8 36
272.9688 232.3 39
275.8906 232.5 39
275.7188 233.0 38
278.3125 233.5 35
277.5313 234.3 37
280.7188 235.0 35
281.5156 236.3 35
281.0781 236.8 35
284.2344 237.8 34
283.8438 239.0 39
284.8594 240.3 36
286.0781 242.0 30
287.9219 243.3 36
288.0000 245.0 31
289.2656 246.8 31
291.9219 248.8 36
292.5938 250.5 34
294.2969 252.8 32
294.2031 255.5 31
295.2188 257.8 30
297.5000 260.3 32
298.3438 263.0 32
299.0625 266.5 30
300.3906 269.5 26
300.7031 272.8 33
302.2344 276.0 27
303.0156 280.3 28
304.1406 283.8 29
305.9844 287.8 28
306.3750 292.5 31
308.1250 297.0 28
309.1719 301.8 29
309.7656 306.3 29
311.4375 311.5 24
312.4688 317.0 26
313.2500 322.8 28
314.3750 328.8 25
315.2969 335.3 28
316.5469 342.3 24
317.8594 348.8 26
318.6406 357.0 26
319.7969 365.5 22
320.8281 373.8 20
321.9688 378.8 24
323.4531 378.5 26
324.7031 373.0 25
326.0156 368.0 25
327.0469 363.5 28
328.4688 358.8 26
329.4063 355.3 26
330.7969 350.5 29
331.9375 346.8 28
333.5000 343.5 30
334.7188 339.8 27
336.0781 336.5 29
337.1875 333.8 28
338.2031 331.3 30
339.8281 328.3 30
340.9063 326.0 28
342.0000 324.0 28
343.0000 322.0 35
344.5313 320.0 29
345.7344 318.5 33
347.0469 316.8 31
347.9844 315.5 30
349.6406 314.3 30
350.9375 313.3 32
352.0469 312.3 32
353.0469 311.5 33
353.8594 310.8 32
355.0313 310.5 35
356.2031 310.0 38
357.6406 310.0 37
359.3750 309.8 37
359.9375 309.8 41
1.6094 309.8 41
3.0000 310.3 38
