#RPLIDAR SCAN DATA
#COUNT=298
#Angule	Distance	Quality
6.4531 176.5 31
7.6563 177.3 29
8.8438 178.5 30
10.0469 179.5 33
11.2344 180.8 33
12.1094 182.0 29
13.6406 183.3 31
14.8281 184.8 32
16.0313 186.5 28
17.2344 188.0 30
18.4375 190.0 30
19.6250 191.8 35
20.8281 194.0 30
22.0313 196.0 28
23.2188 198.3 31
24.3281 200.5 32
24.9063 203.0 32
26.7188 205.5 31
27.9219 208.5 31
28.1094 211.3 30
29.3438 214.3 27
31.5000 217.5 24
32.3594 221.0 23
32.7813 224.8 24
35.0781 228.5 26
35.0156 232.8 27
35.5625 237.0 26
36.7188 241.3 24
38.0625 246.3 27
40.1719 250.8 24
40.2188 256.3 24
41.3750 262.0 28
41.9844 268.0 24
43.6875 274.0 22
44.3594 281.3 25
45.4844 288.5 24
46.6719 295.8 21
47.8125 303.5 21
48.8750 311.8 23
49.8906 319.5 19
50.6719 329.8 20
52.0781 339.8 19
52.7969 350.0 21
54.1406 362.0 20
55.1719 374.8 16
56.3281 388.3 16
57.4219 402.0 18
58.3438 418.0 15
59.4844 436.5 14
60.3906 456.8 15
61.4844 477.0 16
62.5156 499.5 15
63.5781 519.0 21
64.7500 524.5 27
66.0313 522.5 29
67.3594 519.0 29
68.4688 515.8 28
69.7344 513.3 30
70.9844 511.5 31
72.3281 508.8 29
73.2813 507.8 32
74.5625 506.0 33
76.0000 505.0 36
77.1094 503.3 31
78.4063 502.5 34
79.4844 501.3 32
80.8281 500.3 33
81.8281 501.0 34
82.9688 501.0 34
84.3125 500.8 34
85.4531 501.5 35
86.7500 502.0 34
87.7969 502.8 33
89.1875 503.5 32
90.2344 505.0 34
91.6250 506.0 30
92.5781 508.0 30
93.8438 509.0 31
95.0156 511.8 32
96.3750 514.5 27
97.5313 516.8 30
98.5781 520.0 27
99.7656 522.0 27
100.9063 525.5 29
102.2500 529.5 28
103.2969 533.8 29
104.5938 537.5 28
105.6563 542.3 29
106.9531 546.3 25
108.0938 551.3 27
109.4219 557.0 26
110.3750 562.3 26
111.6406 568.0 26
112.7344 575.3 27
114.1250 581.5 24
114.8906 589.3 30
116.1875 570.0 23
117.4844 551.8 24
118.8438 536.5 24
120.2031 521.5 25
121.2188 507.3 24
122.7656 494.3 22
123.7969 482.0 26
125.0469 470.3 26
126.2969 461.5 28
127.5469 451.0 30
128.8906 441.3 29
130.0625 432.0 29
131.5156 423.3 26
132.7031 415.0 26
134.0938 408.0 29
135.4375 401.0 31
136.4844 394.8 29
137.7813 389.0 27
139.2344 382.8 28
140.4063 377.3 30
141.8594 372.5 28
142.8125 368.0 32
144.1094 363.0 33
145.5781 358.5 31
146.5313 355.5 30
147.7813 351.0 34
149.4063 347.3 34
150.1406 344.8 34
151.3438 341.8 32
152.9219 338.5 33
153.7813 336.3 37
155.4531 333.8 32
156.7344 331.5 37
157.4219 329.5 38
158.7656 327.5 31
160.1719 326.3 33
161.1250 324.5 34
162.4219 322.8 39
163.9219 321.5 37
164.7188 320.5 32
166.4219 319.8 33
167.5469 318.8 39
168.5625 318.5 39
169.7969 318.0 40
170.7500 317.3 33
172.2969 317.3 38
173.0781 317.5 36
174.9219 317.3 36
175.6406 317.5 33
176.8906 317.3 33
178.5000 318.3 37
179.3750 319.0 37
180.2344 319.8 35
182.0000 320.0 32
182.6406 321.3 32
183.7969 322.8 39
185.1563 324.0 33
186.3906 325.3 35
187.4063 327.0 32
189.0781 328.8 31
190.1563 330.5 36
191.3594 333.0 34
192.3594 335.0 38
193.2969 337.3 31
194.9375 339.8 32
196.0625 343.0 30
196.7813 345.8 31
198.0000 349.3 34
199.5938 351.5 34
200.2969 356.0 30
201.6250 359.0 28
202.8281 363.0 32
204.2031 364.0 22
205.2031 350.3 23
206.6875 340.0 22
208.3438 329.3 22
209.6406 318.8 23
210.6406 309.0 23
211.9375 301.3 24
213.7500 292.3 22
215.4063 284.5 22
216.1250 277.0 26
218.1094 270.3 24
218.4375 264.3 23
220.2344 258.0 25
222.4375 252.3 24
223.9531 246.5 23
224.6563 242.3 24
225.5469 237.8 24
228.2500 233.5 25
227.5938 229.5 25
230.6563 225.5 24
231.8594 222.0 27
233.0625 218.8 25
233.6250 216.0 28
235.4688 212.8 29
236.6719 210.3 29
237.8750 207.5 27
239.0625 205.3 30
239.6875 203.8 32
244.0781 197.8 31
245.2813 196.0 28
246.5000 194.8 31
247.7031 193.3 30
248.1719 192.3 33
250.1250 191.0 31
251.3281 190.3 29
252.5469 189.0 33
253.7500 188.3 29
254.9688 187.5 33
256.1719 187.0 34
257.3750 186.3 31
258.5938 186.0 33
259.7969 185.5 32
261.0156 185.0 33
262.2188 185.0 37
263.4375 185.0 36
264.5938 185.0 37
265.8125 185.0 40
267.0156 185.5 35
268.2188 185.5 34
269.4375 186.0 34
270.6250 186.3 32
271.8438 186.8 29
273.0469 187.5 33
274.2500 188.5 32
275.4531 189.0 31
276.6719 190.0 31
277.8750 191.0 31
279.0938 192.0 33
280.2969 193.3 31
281.5000 194.8 32
282.7188 195.8 30
283.9219 197.5 28
285.1250 198.8 33
285.3281 200.5 31
286.4219 202.3 30
287.8906 204.5 28
289.8750 206.0 28
291.0938 208.3 29
292.2969 210.5 28
293.1563 213.0 30
293.5156 215.8 27
295.9063 218.0 26
297.1094 221.0 26
297.1250 224.3 27
299.5156 227.0 25
300.7188 230.5 27
301.4219 234.3 24
301.5469 238.0 23
302.9531 241.8 22
303.2656 245.8 26
304.8438 250.0 26
306.7656 253.5 23
307.8594 254.3 24
308.4844 248.0 27
309.7500 242.3 27
312.5469 236.8 28
311.9063 231.8 29
314.7031 227.0 26
316.3906 223.0 29
317.3281 218.3 29
318.5313 214.8 31
319.7188 211.0 31
320.9219 207.5 32
322.1094 204.5 33
323.3125 201.5 32
323.5938 199.0 32
325.7031 196.0 28
326.1406 194.3 32
328.0938 191.8 33
329.2813 189.5 32
330.4844 187.8 31
331.4219 185.8 31
332.8594 184.0 35
334.0625 182.3 29
335.2656 181.3 32
336.3438 179.8 38
337.6719 178.5 33
338.8438 177.3 31
340.0469 176.5 33
341.2500 175.5 33
342.4375 174.8 37
343.6406 174.0 36
344.8281 173.3 37
346.0156 172.8 36
347.2188 172.3 34
348.4219 172.0 34
349.6094 172.0 33
350.8125 171.8 30
352.0000 171.5 31
353.1875 171.5 32
354.3906 171.8 34
355.5781 171.8 35
356.7813 171.8 34
357.9688 172.0 35
359.1719 172.5 36
0.3750 173.0 35
1.5781 173.5 36
2.7656 174.0 32
3.9688 174.8 35
5.1563 175.8 33
