#RPLIDAR SCAN DATA
#COUNT=299
#Angule	Distance	Quality
3.5469 290.8 36
5.4219 281.8 10
6.7344 292.8 32
8.4688 293.8 31
9.2500 295.3 35
10.8125 296.0 32
11.8906 297.3 32
12.9688 299.3 32
14.4688 300.3 31
15.3438 302.3 29
16.5781 303.8 30
17.7344 305.5 32
18.6406 307.8 30
19.9219 310.8 29
20.7813 312.8 28
22.4844 315.3 28
23.0625 318.5 31
24.8594 320.8 26
25.8125 324.8 26
26.9063 327.5 25
28.1094 331.3 27
29.0156 335.0 30
30.0625 339.0 25
31.1094 343.3 24
32.4688 348.0 26
33.8750 352.3 21
34.9531 357.0 26
36.0625 362.5 27
36.9844 369.3 22
38.2344 373.8 21
39.2188 380.8 23
40.7188 385.5 27
41.9375 378.8 22
42.9375 370.5 22
44.4688 362.3 28
45.7500 355.3 26
46.6875 347.8 29
48.3906 341.0 28
49.4063 335.5 29
50.6875 329.3 28
52.3438 323.8 28
53.2500 318.8 32
54.4531 314.3 27
55.6563 309.5 31
56.8906 305.5 28
58.5000 302.0 30
59.5000 298.0 31
60.7813 294.0 29
62.2969 290.8 33
63.1875 287.5 31
64.4531 284.5 32
65.6875 281.5 35
66.9531 279.0 28
68.5156 277.0 34
70.3281 274.5 36
71.6406 272.8 31
71.9375 270.8 36
73.2813 269.0 29
75.6250 267.3 37
76.5156 266.0 38
77.0938 265.0 31
78.3594 263.8 33
79.9219 262.5 41
80.7188 262.0 38
83.1563 261.0 34
83.4531 260.8 39
85.3594 259.8 37
86.1875 259.8 35
86.7188 259.3 35
88.5156 259.3 34
89.2188 259.3 35
90.6563 259.5 34
91.6563 259.8 37
92.7031 260.0 37
94.6563 260.3 36
95.8594 261.0 35
96.9375 262.0 38
98.0000 262.5 38
99.3594 263.5 31
99.9844 264.5 34
102.0625 265.8 34
102.4688 267.0 33
103.9063 268.5 37
105.2969 270.0 35
106.0625 272.0 37
106.8125 273.5 31
108.0938 275.8 35
109.5781 278.0 34
110.7031 280.3 31
112.2813 282.3 32
113.3125 284.8 31
114.2031 288.0 32
114.9531 291.0 34
116.1406 293.8 28
117.1094 297.3 30
118.3125 300.8 29
119.4531 304.0 30
120.7344 307.8 30
122.2344 311.5 29
122.9375 315.5 26
124.3438 319.5 27
125.5469 323.8 28
126.4375 329.0 27
127.7969 333.8 25
128.5156 339.5 27
129.9531 345.0 25
131.0469 351.0 26
132.2969 357.0 28
133.0156 364.3 27
134.2031 370.8 21
135.5469 378.3 22
136.5781 386.3 22
137.5469 394.8 20
138.5469 403.3 24
140.1094 413.0 21
140.9375 422.8 21
142.2500 433.8 21
143.3906 445.5 20
144.2813 458.5 21
145.5156 469.8 17
146.5938 471.0 24
147.8281 466.3 25
148.9844 460.3 27
150.4063 455.5 25
151.7031 451.0 27
152.7969 446.3 29
154.0313 442.3 32
155.1875 437.8 25
156.5938 434.3 29
157.5469 430.8 28
158.8750 427.8 27
160.1406 424.0 28
161.4375 421.0 27
162.6250 418.8 29
163.7188 416.5 28
164.9219 414.3 28
166.2969 412.0 28
167.4375 410.3 28
168.3594 409.3 24
169.5938 408.0 23
170.8438 407.5 19
172.3281 407.0 16
173.2188 407.3 15
174.4688 408.5 14
175.8125 416.3 15
177.0000 418.8 20
178.0625 419.8 23
179.3906 419.0 24
180.5156 419.8 20
181.6875 421.3 21
182.6250 422.5 25
183.9531 423.3 23
185.0000 424.0 23
186.5156 425.5 25
187.5938 426.5 24
188.9844 428.3 24
189.8906 429.5 27
191.0156 430.8 26
192.4531 433.5 24
193.7188 435.8 24
194.5469 437.8 23
196.0469 440.5 23
197.2500 442.8 25
198.1094 445.5 24
199.3438 449.3 24
200.4844 452.0 26
201.7500 455.8 25
202.8281 458.8 24
204.2188 462.8 26
205.2969 466.0 23
206.4531 470.0 21
207.5938 473.8 25
208.8438 456.8 21
210.3438 442.0 25
211.8750 425.5 20
212.9844 412.3 23
214.3594 399.8 24
215.6094 387.8 23
217.0469 377.3 24
218.1094 367.3 26
219.7031 357.3 28
220.7813 349.5 28
222.3594 340.8 28
223.6094 332.8 28
224.5156 325.8 26
225.8438 319.3 30
227.2813 312.5 29
228.9063 306.8 31
229.9219 301.3 31
231.2031 296.5 29
232.2500 291.3 31
234.0781 286.3 33
234.7656 281.8 34
236.9219 277.3 33
237.7969 273.3 31
239.7344 269.8 36
240.2344 266.0 30
241.2969 263.0 35
242.5781 260.0 35
244.0313 256.8 32
245.6250 254.0 33
247.1094 251.5 35
248.4844 249.3 36
249.2031 247.3 37
251.2656 245.0 37
251.5000 243.5 37
254.1719 241.8 34
256.0000 240.0 37
255.4375 238.8 38
258.4219 237.5 34
258.1875 236.3 33
261.0781 235.8 35
260.2813 234.5 38
261.5625 233.8 35
263.3594 233.3 36
265.3906 232.3 39
265.9688 232.0 38
266.7031 231.5 39
267.8594 231.5 39
270.4688 231.0 37
269.9219 231.3 39
272.2500 231.5 34
272.5625 231.5 40
275.0469 232.0 37
274.8750 232.8 35
277.7188 233.3 35
276.9688 233.8 34
279.1719 234.5 37
280.2969 235.5 36
282.5313 236.3 34
281.7969 237.3 34
283.8438 238.8 37
286.1719 240.0 35
285.8750 241.5 31
286.5156 242.8 33
287.7031 244.5 32
288.6563 246.3 35
291.1563 247.8 39
291.8594 250.0 35
292.4844 252.5 32
293.2969 255.0 27
295.0156 257.0 32
296.9688 260.0 32
297.6875 263.0 32
298.1094 265.5 28
299.9375 268.8 28
301.2344 272.3 34
302.4375 275.3 29
302.8125 279.5 32
303.9219 283.3 30
304.9688 287.5 27
306.2500 291.8 30
307.1094 296.0 25
308.5156 301.3 27
309.6719 306.0 31
310.5000 311.3 28
311.5469 316.3 27
312.6094 322.8 29
314.1875 328.3 23
314.7500 334.8 27
316.0313 341.8 26
316.9219 349.0 26
318.2031 356.3 25
319.3906 364.3 25
320.4844 364.8 25
321.9063 359.0 25
323.2188 353.3 26
324.1094 349.3 28
325.8438 344.0 27
326.5625 339.8 27
328.3594 335.3 28
329.4531 331.0 28
330.4063 327.5 28
331.7031 323.8 29
333.2656 320.5 26
334.4844 317.3 27
335.2500 314.8 27
336.6563 311.8 29
338.3438 309.3 29
338.9688 307.3 32
340.2969 305.0 32
342.1406 303.0 28
342.7656 301.0 30
344.1875 299.3 31
345.0625 298.3 28
346.6719 296.5 31
348.0313 295.3 31
348.7813 293.8 28
350.5625 293.3 30
351.5469 292.3 34
353.1250 291.3 34
354.3125 290.8 36
354.8438 290.3 35
356.0938 290.3 34
357.9688 289.8 40
359.2813 289.5 39
359.7500 289.8 39
0.7500 290.3 40
2.7031 290.0 36
