#RPLIDAR SCAN DATA
#COUNT=299
#Angule	Distance	Quality
4.0000 257.8 27
5.3750 260.0 30
6.9844 262.5 31
8.1719 265.0 25
9.0156 268.5 29
9.5156 271.5 31
11.0469 274.5 28
12.2031 277.8 25
12.8594 281.3 29
14.8281 285.3 28
15.0625 289.3 28
16.5469 293.8 23
17.8438 298.3 22
18.5625 303.0 24
20.1094 307.3 24
20.7344 312.5 24
21.8750 317.5 23
23.1875 323.3 23
24.7813 324.8 22
25.5469 326.5 25
26.7188 319.3 29
28.3594 313.3 28
29.7656 306.3 29
30.9375 301.3 28
32.1406 295.8 30
33.2188 290.5 30
34.9063 285.5 30
35.8438 280.8 27
37.8281 276.3 31
38.5938 272.5 33
40.0781 268.3 34
41.1094 264.8 29
42.1875 261.5 31
43.3906 258.3 33
45.4688 255.0 32
46.0469 252.5 31
48.7500 249.5 34
48.2188 247.5 34
50.5000 245.0 37
52.4063 243.0 35
52.2344 241.5 30
53.2344 239.8 34
55.2500 237.8 33
56.7344 236.5 33
57.4531 235.8 31
60.0781 234.0 36
59.3281 233.0 39
61.7969 232.0 37
63.0000 231.0 37
64.8750 230.3 34
66.0625 229.5 32
65.7188 228.5 39
67.1563 229.0 36
68.7813 228.8 35
69.8594 228.5 32
72.1719 228.3 33
72.0313 228.5 34
74.5781 228.5 37
74.6406 228.8 36
76.1094 229.3 34
78.1875 229.5 33
78.2188 230.3 34
79.5313 231.0 36
81.7813 231.8 33
83.2344 232.5 39
84.2031 233.3 36
85.4063 234.5 35
84.9219 236.3 29
86.4531 237.0 35
87.1719 239.0 37
89.3750 240.5 34
90.4531 241.8 29
91.9844 243.5 33
91.7813 245.5 35
93.1406 247.5 35
95.7188 249.8 33
96.5313 252.0 29
96.5156 254.5 31
98.9375 257.3 29
98.6406 260.3 33
100.0781 263.3 31
101.2188 266.3 30
102.7344 269.8 30
103.9844 273.0 29
104.6563 277.0 30
106.0625 281.0 33
106.6563 285.0 30
108.2188 289.3 29
109.1719 294.0 27
110.7813 298.3 25
111.0469 303.8 26
112.7500 308.8 28
113.3594 313.5 25
114.7188 319.8 22
116.0156 325.5 22
116.5469 332.0 25
117.7188 339.0 25
119.2344 345.3 23
119.8594 353.8 25
121.1094 361.0 25
122.5625 369.0 22
123.2656 379.0 20
124.4219 389.0 19
125.7969 398.5 18
126.4688 409.5 20
127.7969 421.0 19
129.0000 434.8 19
130.0313 448.5 20
131.0938 462.8 20
132.0313 478.8 19
133.0625 495.3 16
134.2188 502.0 28
135.4688 497.3 30
136.7031 492.0 26
138.0313 488.3 26
139.2656 484.8 29
140.7031 480.3 28
141.9063 477.8 30
142.9063 474.5 29
144.1094 471.5 26
145.3125 469.3 29
146.5313 466.5 29
148.0156 464.3 31
149.1875 463.0 33
150.2500 460.5 31
151.2969 459.5 33
152.7031 457.8 32
154.0625 456.8 34
155.2344 455.3 30
156.3750 454.5 31
157.4531 454.5 32
158.6875 453.8 36
159.8281 453.0 36
161.2656 453.3 37
162.3125 453.8 35
163.5000 454.0 37
164.6875 454.0 37
165.6563 455.0 30
166.9219 456.3 33
168.2031 456.8 32
169.1875 458.5 32
170.4063 459.8 29
171.6875 462.3 26
172.7188 464.0 20
174.0625 467.0 16
175.2031 471.0 15
176.4844 475.3 15
177.3438 482.3 18
178.4688 489.0 17
179.9375 491.3 19
180.9688 494.8 16
182.1719 499.5 18
183.2969 505.5 18
184.3594 509.8 21
185.5625 515.0 21
186.8438 519.8 25
188.2813 524.5 21
189.3438 528.5 22
190.6406 518.0 22
192.0313 501.0 21
193.1250 483.8 25
194.6250 468.5 22
195.6250 454.8 21
197.1719 442.0 26
198.2344 428.5 23
199.5938 417.0 22
200.8125 406.5 24
202.2656 396.5 23
203.7813 387.0 24
204.8281 378.0 25
206.1719 369.5 23
207.3750 362.0 30
208.7969 355.0 27
210.2188 348.8 30
211.2969 341.5 28
212.4375 336.3 31
214.1875 330.0 28
214.9844 325.0 30
216.6406 320.0 29
217.7344 315.5 29
219.0313 311.0 32
220.4531 306.8 33
221.2031 303.0 30
222.9688 299.8 33
224.3594 295.8 32
225.1563 292.5 33
226.5000 289.5 34
227.9219 285.8 34
228.8125 283.8 33
230.8125 281.3 37
231.4063 278.5 33
233.1719 276.5 36
233.9063 274.5 32
235.4063 272.5 39
236.8594 271.3 39
238.0469 269.5 34
239.2969 268.3 39
240.1719 266.8 35
241.7656 266.0 39
242.8906 264.8 34
243.8125 264.3 33
246.0313 263.5 32
246.7813 262.8 40
247.4375 262.5 40
249.4688 262.0 41
250.0156 262.3 39
251.7344 262.3 42
253.3750 262.0 43
253.2969 262.5 41
254.9844 262.5 41
256.2031 262.8 42
257.7031 263.3 39
259.1719 264.3 36
259.8438 264.8 33
260.9531 266.0 34
262.4688 266.8 37
263.7969 267.8 39
264.5938 269.0 31
265.3281 270.5 36
266.8438 272.3 37
267.5938 274.0 36
268.7969 275.8 31
270.5313 277.3 35
271.0469 279.8 33
272.2969 281.8 37
273.5625 284.5 32
275.0156 287.3 32
276.1094 289.5 34
277.1875 292.8 31
278.8906 295.8 26
279.2031 299.0 32
280.5469 302.3 31
282.0938 306.3 32
283.3906 309.3 31
283.8906 312.8 31
285.3438 317.3 28
286.3438 321.0 29
287.5313 325.5 27
288.7813 331.0 27
289.7969 336.0 29
291.2344 341.3 27
291.8125 346.8 24
293.0313 356.3 25
294.6406 342.0 22
296.0156 335.3 24
297.3438 328.0 22
298.1875 321.5 27
299.3906 315.3 23
300.7188 310.5 25
302.6563 304.5 26
303.5469 299.5 26
305.2969 294.5 25
306.5781 289.8 28
307.0469 285.3 27
308.7344 281.3 30
309.7344 277.0 27
311.1406 273.5 24
312.5313 270.3 30
313.3594 267.0 27
315.3750 264.3 27
315.7813 261.3 28
316.9844 258.8 28
318.2188 256.5 27
320.0313 253.8 28
321.5625 251.5 31
322.4063 249.5 30
324.7656 247.8 30
325.6250 246.0 29
326.6406 244.8 26
327.6406 243.5 32
328.3281 242.3 30
331.1094 241.0 30
331.2188 240.0 32
332.2656 239.5 33
335.0156 238.3 31
334.3438 238.0 33
336.0781 237.5 32
336.8125 237.3 32
340.9375 238.3 14
341.2969 236.3 34
342.2500 236.8 39
344.5156 236.5 37
345.3750 236.8 39
345.4063 237.3 39
348.0938 237.5 35
347.8594 237.8 34
348.6875 238.8 36
349.5469 239.5 37
352.0313 240.0 32
352.2813 241.3 30
353.4063 242.3 31
354.4375 243.3 31
356.6250 244.8 35
356.5625 246.3 30
359.5156 247.5 32
359.2031 249.3 33
0.5625 251.0 30
1.2656 253.3 29
2.5313 255.3 30
