#RPLIDAR SCAN DATA
#COUNT=299
#Angule	Distance	Quality
5.1094 257.5 25
6.3125 261.3 23
6.8281 265.3 23
8.5938 269.5 26
9.2344 273.5 23
9.9063 278.0 24
11.7500 282.8 22
12.2031 288.0 22
13.3125 293.0 23
14.4531 293.0 27
16.1875 286.0 25
16.7656 280.3 27
19.0469 273.3 27
19.6250 267.5 31
21.2188 262.3 31
23.0000 257.5 28
23.2969 252.8 31
24.6250 248.3 32
26.3906 244.3 27
27.3594 240.5 31
28.5000 236.8 32
30.4531 233.3 30
32.8281 230.0 32
32.8125 227.0 30
33.4531 224.5 32
36.4063 221.8 32
37.6094 219.3 32
38.8125 217.0 38
40.0156 215.0 34
40.6406 213.3 31
42.4063 211.3 34
43.6094 209.5 37
44.8125 208.5 34
46.0000 206.8 34
47.2031 205.3 38
48.5156 204.5 36
49.7188 203.5 36
50.9219 202.5 35
52.1250 201.8 35
52.9844 201.3 34
54.5313 200.5 36
55.7344 200.0 34
56.9375 199.8 37
58.1406 199.5 35
59.3438 199.0 39
60.5469 199.0 37
61.7500 198.5 44
62.9531 199.5 40
63.3750 199.3 36
65.3594 199.5 34
66.5625 199.8 36
67.7656 200.0 35
68.9688 200.8 33
70.1719 201.5 34
71.3750 202.0 36
71.7656 203.3 32
72.7344 204.0 36
75.0781 204.8 32
76.2969 205.8 36
76.7031 207.3 33
78.7031 208.5 35
79.9219 210.0 34
80.3438 211.5 29
82.3281 213.0 36
83.5313 215.0 33
84.7500 216.8 32
85.9531 218.5 30
86.0938 220.8 28
88.3750 223.0 29
88.8125 225.8 28
90.5313 228.0 27
90.7344 230.5 31
92.3125 233.5 29
93.4844 236.5 27
94.0625 239.8 29
95.8125 243.0 28
96.0156 246.5 26
97.7188 250.0 29
99.7344 253.8 28
99.3125 258.3 27
100.5156 262.3 29
101.6250 267.3 26
102.9688 272.0 28
104.2500 276.8 26
105.0469 282.0 26
106.0000 287.8 26
107.3125 294.0 24
108.6719 299.5 23
109.2344 306.5 25
111.0938 312.8 24
112.1094 319.8 21
112.9688 328.0 22
113.7500 336.5 23
115.1875 344.8 24
115.9531 354.3 21
117.0781 363.5 21
118.2031 375.0 18
118.9688 386.5 20
120.2813 398.0 16
121.1719 411.0 18
122.5938 426.3 16
123.5625 442.5 17
124.6250 458.0 19
125.7031 475.5 17
126.7188 495.0 15
127.8281 512.3 29
128.9219 508.3 26
130.3906 503.8 29
131.4531 500.3 32
132.6875 497.3 28
133.7813 494.5 27
135.1563 491.5 28
136.5000 488.8 29
137.5781 486.5 31
138.9375 484.3 34
139.9531 482.5 30
141.0938 480.5 32
142.3438 479.3 30
143.7344 478.0 31
144.7344 477.0 34
145.9219 476.8 33
147.2969 476.3 35
148.6719 475.0 34
149.6250 474.8 36
150.8750 474.5 39
152.1250 474.5 35
153.4531 474.5 35
154.4063 475.8 34
155.5938 476.8 33
156.8281 477.5 32
158.0938 478.8 33
159.1719 479.5 34
160.5156 481.3 29
161.7344 482.8 29
162.9375 485.5 33
163.8594 487.5 33
165.1875 490.0 27
166.2656 492.5 23
167.4844 495.0 21
168.6250 498.0 21
169.9531 501.8 21
171.0469 506.0 17
172.1563 510.3 19
173.2656 514.8 15
174.6719 519.0 16
175.6250 527.0 13
176.9688 537.8 17
178.1094 546.8 16
179.1875 555.0 23
180.3594 560.5 23
181.5938 555.0 21
182.7813 536.5 24
184.0156 518.5 23
185.4531 503.0 23
186.7656 488.8 23
188.2344 475.0 25
189.3594 463.0 26
190.8594 451.0 26
191.8438 439.3 22
193.2344 428.5 24
194.5156 419.0 26
195.9375 409.8 29
197.2969 400.8 26
198.6094 393.0 27
199.7969 385.3 28
200.7344 378.8 27
202.2656 371.8 26
203.5000 365.5 30
204.7969 360.0 29
205.8750 355.0 28
207.0938 349.5 32
208.5469 344.5 32
209.9375 340.3 32
211.0625 335.5 30
212.2656 331.8 34
213.3438 328.3 30
215.0938 324.3 32
216.4375 320.5 30
217.7969 317.8 38
218.5625 315.0 32
219.8750 311.8 33
220.8906 309.8 36
222.4219 307.5 36
223.5469 305.5 36
225.1719 303.3 34
226.0000 301.8 38
227.7031 299.8 37
228.4531 298.3 31
229.7656 297.0 38
230.7969 296.3 34
231.9688 295.0 37
233.3438 293.8 36
234.5625 293.3 33
236.4063 292.5 35
237.8281 291.8 34
238.9375 291.5 37
240.0781 290.8 37
241.2500 290.8 36
241.8750 291.5 37
243.0469 291.8 39
244.8438 291.8 36
246.0313 292.3 37
247.4688 293.0 34
248.6094 293.3 32
249.2969 294.5 33
250.3438 295.5 33
252.2031 296.3 32
253.4063 297.8 34
254.3750 299.0 35
255.0156 300.8 34
256.3594 302.3 36
257.9531 303.5 33
259.0469 305.8 35
260.5156 307.5 35
261.2344 310.0 34
262.2344 312.3 33
263.3750 314.5 28
264.9844 317.3 32
265.5938 320.3 28
267.3750 323.5 35
268.0625 326.8 30
269.2656 330.5 32
270.7969 333.8 27
271.6406 337.8 27
273.0156 342.0 27
273.8281 346.8 27
275.4688 351.0 30
276.5000 356.0 28
277.4063 359.5 22
278.5781 348.3 23
280.0469 338.3 20
281.8438 329.5 23
283.1875 321.3 23
284.0313 314.0 23
285.1563 306.8 25
286.5469 300.8 25
288.2813 293.8 22
289.0625 288.0 24
290.4375 282.0 25
292.0156 276.5 25
293.6875 272.0 29
294.7969 267.0 25
296.8281 262.5 29
297.6719 258.8 26
299.3438 254.3 28
300.4531 251.0 29
302.3125 247.3 29
302.6406 244.5 23
303.7969 241.5 26
304.9844 238.8 30
306.4531 236.3 25
308.2969 234.0 30
308.6406 231.5 32
311.3906 229.0 31
312.2656 227.3 26
313.5938 225.5 29
314.7969 223.8 32
314.6719 222.8 30
317.1875 221.0 32
318.3750 219.8 29
319.5781 216.3 10
320.4375 218.3 26
321.9688 214.8 17
323.1719 215.8 34
324.3750 215.0 32
324.5000 214.5 32
326.0156 214.3 32
327.9531 213.8 33
329.1563 213.5 32
330.3594 213.0 38
330.7188 213.3 37
332.7500 213.0 41
334.2031 213.3 38
335.1563 213.3 37
336.3594 213.8 35
337.5625 214.3 35
338.7500 214.5 38
338.7031 215.3 36
340.3750 216.0 35
341.3438 216.8 36
343.5469 217.5 29
344.7500 218.3 29
345.9531 219.5 33
347.1406 220.8 28
348.3438 222.0 31
348.2813 223.8 33
350.7344 225.0 27
351.9375 226.5 28
352.1719 228.5 29
353.0781 230.5 28
355.5313 232.3 31
355.4063 235.0 27
357.9219 236.8 27
357.0781 239.5 32
359.0000 242.0 26
359.3906 244.8 24
0.8438 247.3 27
1.6406 250.5 29
3.6250 253.5 24
