#RPLIDAR SCAN DATA
#COUNT=299
#Angule	Distance	Quality
6.7813 196.5 32
7.9688 198.0 35
9.1719 199.3 29
10.3594 200.8 32
11.2188 202.3 31
12.7500 204.3 30
13.9375 205.5 29
15.1250 207.5 27
16.3281 209.5 29
16.5156 211.8 25
17.6406 214.0 28
19.9063 216.3 25
21.0938 219.0 28
22.2969 221.5 27
23.4844 224.3 27
23.1875 227.8 25
24.1250 231.0 25
27.0469 234.5 26
27.4063 237.8 25
27.8906 241.5 23
28.5313 245.8 23
31.0469 249.5 24
31.0938 254.0 23
31.9688 258.8 24
34.0313 263.3 20
34.2031 268.3 24
36.0469 269.0 27
37.4063 262.8 32
37.9375 257.3 26
39.8125 252.3 27
40.5156 247.0 33
43.3125 242.5 29
44.2344 238.3 28
44.6094 234.3 32
46.2969 230.3 33
47.1875 226.8 29
48.4844 223.3 33
50.9531 220.0 28
50.8750 217.3 36
52.2031 214.5 31
54.5469 211.8 36
55.7500 209.5 36
55.9844 207.5 33
57.6250 205.3 31
59.3281 203.3 31
60.5156 201.5 33
60.7969 200.3 31
62.9063 198.5 37
64.1094 197.0 33
65.5469 195.8 35
66.5000 194.8 34
67.7031 193.8 37
68.8906 192.5 37
70.0938 191.8 36
71.2813 191.3 33
72.6094 190.5 35
73.8281 190.0 35
75.0313 189.3 37
76.2188 189.0 35
77.0156 189.0 35
78.6250 188.5 31
79.8281 188.5 36
81.0313 188.3 33
82.2344 188.5 32
83.4219 189.0 39
84.6250 189.3 35
85.8281 189.8 34
87.0313 190.0 37
87.8281 190.8 33
89.4375 191.3 33
90.6406 192.0 37
91.8438 192.8 36
93.0469 194.0 31
94.2500 194.8 35
95.4531 196.0 31
96.6719 196.8 32
97.8906 198.3 36
98.1719 199.8 32
100.2969 201.0 33
101.5000 202.3 32
102.6875 204.3 34
103.9063 206.0 34
105.1094 208.0 34
106.3125 209.8 32
107.5156 211.8 35
108.7031 214.5 29
109.9063 216.8 34
109.5156 219.5 29
112.3281 221.8 31
113.5313 224.8 26
113.5938 227.8 26
115.0156 231.0 31
117.0156 234.5 28
117.1875 237.8 24
117.6719 241.8 27
119.4219 245.5 29
120.6563 249.0 27
121.0938 253.8 26
122.7031 258.0 27
123.0938 263.3 28
124.6250 268.3 27
125.6875 273.8 23
126.1406 279.0 23
127.9531 284.8 27
128.3750 291.8 23
129.3125 297.5 23
130.4844 305.3 24
131.6875 312.3 22
132.5313 319.8 20
134.0156 327.5 20
134.7031 336.8 21
135.8906 346.3 19
136.9688 355.5 20
138.3750 367.0 21
139.0781 377.5 18
140.2344 390.8 16
141.5938 403.8 19
142.4531 417.5 16
143.6563 434.3 17
144.7656 451.5 17
145.7656 469.5 15
146.6563 488.3 16
147.9375 511.5 16
148.8438 529.8 28
150.2656 525.8 25
151.4688 522.3 31
152.5000 518.8 30
153.8125 515.8 27
155.1563 513.0 31
156.2656 511.0 33
157.5313 508.0 31
158.5469 505.8 30
159.8906 504.8 33
160.9375 502.5 32
162.3438 500.8 32
163.2500 500.0 31
164.6094 499.3 33
165.7344 498.3 36
167.0469 497.8 35
168.2344 497.3 34
169.2500 496.8 32
170.6094 497.8 28
171.7656 499.0 23
172.8750 499.8 17
174.0313 502.0 14
175.1563 510.8 17
176.4219 517.5 22
177.7344 518.3 22
178.8594 521.5 25
179.8125 524.3 26
181.2344 526.3 24
182.4531 528.8 22
183.6094 531.0 27
184.6250 534.0 24
185.9375 536.8 27
187.0781 539.8 24
188.2188 543.8 25
189.6563 546.3 22
190.6406 550.3 22
191.9531 554.5 25
193.1875 558.8 24
194.3594 563.8 23
195.3906 569.0 23
196.5625 573.5 24
197.8281 579.0 22
199.0000 584.0 21
200.0156 586.8 23
201.4688 563.8 22
202.8281 545.0 23
203.9688 528.3 23
205.2344 512.5 22
206.6094 498.8 24
207.9688 484.0 27
209.1250 472.3 22
210.5469 459.8 26
211.6875 449.3 25
212.8750 438.0 23
214.3594 428.3 25
215.5156 419.0 24
216.6719 410.0 28
218.0000 402.8 28
219.6406 394.3 26
220.8906 387.8 29
221.9063 381.8 31
223.3281 374.8 25
224.5000 368.5 29
225.7656 364.0 33
226.7500 358.0 32
228.4688 352.8 29
229.5625 348.5 35
230.5313 344.5 34
232.0938 340.3 32
233.5781 336.8 31
234.7188 333.3 30
235.5000 329.3 31
237.3594 327.0 31
238.2188 323.8 35
239.4219 321.0 33
241.2344 318.5 36
242.1406 316.5 35
243.3125 314.3 30
244.7969 312.3 35
246.3125 310.8 36
247.5313 309.3 36
248.5469 307.5 36
249.8750 306.5 40
250.6875 305.3 36
251.8906 304.3 35
253.2969 303.5 38
254.1563 303.0 35
255.8125 302.3 38
256.8750 302.0 34
258.5469 301.5 37
259.0469 301.5 39
260.9063 301.3 37
261.5313 301.5 38
263.0156 301.3 35
264.3906 302.0 33
265.6406 302.5 35
266.5000 303.3 33
267.8594 304.0 39
268.8906 304.8 36
270.0781 305.8 37
271.1719 306.8 34
272.3594 308.0 36
273.9219 309.5 37
274.6719 311.3 32
276.1719 313.0 33
277.5781 314.3 30
278.2500 317.0 31
279.5156 319.0 35
280.5000 321.0 33
281.9219 323.5 34
283.1094 326.3 31
284.5625 329.0 30
285.7031 332.0 32
286.6563 335.3 33
287.8594 339.0 31
288.5938 343.3 31
289.6719 346.8 27
290.9688 350.3 30
292.0469 356.0 28
293.6250 342.5 19
295.1875 332.3 21
296.3125 322.0 22
298.0938 312.8 23
298.7969 304.5 23
300.6563 295.8 22
301.5781 288.3 24
303.2500 280.8 23
304.3594 273.5 22
306.1563 267.5 25
307.0781 262.3 28
309.1875 256.0 24
309.5625 250.8 25
310.3750 246.0 26
313.4063 241.5 22
315.2656 237.0 26
314.9219 233.5 25
316.0000 229.5 26
317.3906 226.0 24
318.0781 223.0 25
319.8594 220.0 25
322.1875 216.8 27
321.9531 214.3 27
324.5781 211.3 29
325.2031 209.5 26
326.9688 207.0 28
327.2969 205.0 29
329.3594 203.5 32
329.5469 201.8 31
331.7500 200.0 30
333.4219 158.5 9
334.1406 197.3 26
336.5156 194.8 33
337.7031 193.5 33
338.9063 192.8 33
340.0938 191.8 32
341.2813 191.0 33
342.4844 190.5 32
343.6719 189.8 32
344.8750 189.3 34
346.0625 189.0 34
347.2656 188.8 37
348.4531 188.5 36
349.6563 188.5 37
350.8438 188.5 38
352.0469 188.5 39
353.2188 188.8 39
354.4219 189.0 38
355.6094 189.3 33
356.8125 189.8 36
358.0000 190.3 33
359.2031 190.8 35
0.4531 191.5 31
1.6406 192.3 29
2.8281 193.0 36
4.0313 194.5 31
5.2188 195.0 30
