#RPLIDAR SCAN DATA
#COUNT=301
#Angule	Distance	Quality
6.4531 168.3 30
7.6406 169.0 33
8.8281 169.8 28
10.0156 170.8 28
11.2031 172.0 28
12.3906 173.0 31
13.5781 174.0 30
14.7656 175.8 28
15.9688 177.0 26
17.1563 178.5 27
18.3281 180.0 31
19.5156 181.8 27
20.4688 183.5 29
21.8906 185.3 28
23.0938 187.3 27
24.2656 189.3 27
25.4688 191.8 28
26.6563 194.3 27
27.8438 196.5 26
28.0625 199.3 25
30.2188 201.5 24
31.4063 204.5 27
32.5938 207.3 25
32.6719 210.8 25
34.9688 214.3 26
36.1563 217.8 25
36.2344 221.8 24
38.5313 225.5 22
39.7188 230.0 23
40.9063 234.5 22
42.0938 239.3 24
41.7813 244.0 23
42.3281 249.0 22
43.6250 255.0 27
45.7031 248.3 30
46.6875 243.8 31
47.3125 239.3 34
48.7031 235.8 29
50.3594 231.5 33
52.8594 227.5 31
53.9219 224.0 31
53.6563 220.8 29
56.4375 217.8 30
56.2813 215.3 33
58.1875 212.3 36
60.0000 209.5 34
61.2031 207.3 35
62.3750 204.8 34
63.5781 203.3 31
64.7656 201.3 30
65.9688 199.5 35
67.3906 198.0 38
68.3438 196.3 32
69.5313 195.3 34
70.7344 193.8 36
71.2969 193.0 35
73.2344 191.8 37
74.4375 191.0 35
75.0000 190.0 37
76.8281 189.3 35
78.2656 188.8 35
79.2188 188.0 33
80.4063 187.8 34
81.6094 187.5 35
82.8125 187.0 34
84.0000 186.8 30
85.2031 186.5 29
86.3906 186.5 32
87.5938 186.8 30
88.7969 187.5 33
89.9844 187.5 32
91.1875 188.0 30
92.3750 188.3 29
93.5781 188.8 33
94.7656 189.8 35
96.0313 190.3 35
97.2031 191.3 30
98.4063 192.0 37
99.6094 192.8 34
100.8125 194.3 32
102.0156 195.3 33
103.2188 196.3 31
104.4063 198.0 39
105.6094 199.3 31
106.8125 200.5 33
108.0156 202.3 33
109.2031 204.3 33
109.1875 206.0 31
111.6094 208.3 31
111.5156 210.5 33
114.0000 212.0 35
115.1875 214.5 28
116.3906 217.3 34
117.5938 219.8 29
118.7969 222.5 29
118.0156 225.5 26
120.9688 228.5 29
121.1250 232.0 32
122.0000 235.5 28
123.3906 239.3 29
123.5625 243.3 28
126.2188 246.5 25
127.2344 250.8 26
127.2813 255.3 25
128.0313 260.5 29
129.1563 265.5 23
130.9844 270.5 26
131.3281 276.3 24
133.2344 281.8 23
133.7656 288.3 22
135.1250 295.0 21
135.9219 302.3 24
137.0781 308.5 23
137.9844 316.5 23
139.1406 324.0 22
140.4063 332.8 22
141.4531 341.8 21
142.2813 351.8 21
143.3281 361.5 20
144.5313 372.5 17
145.6875 385.3 20
146.7344 397.8 17
147.5000 412.5 15
148.6719 428.0 17
149.7813 444.3 16
150.7500 462.0 15
151.8594 481.3 16
153.1250 502.0 16
154.1250 526.3 15
155.1875 548.8 27
156.4531 545.8 25
157.6563 541.8 32
158.7188 539.8 30
160.0000 537.5 29
161.2031 534.5 28
162.4844 532.0 32
163.4063 529.8 31
164.5625 526.3 28
165.7969 525.3 29
167.1719 524.3 32
168.1094 523.5 32
169.3750 521.8 32
170.5156 521.3 29
171.6406 521.5 23
172.8438 522.8 21
174.0469 524.8 16
175.2813 531.8 19
176.2969 537.0 25
177.6875 537.8 25
178.8438 539.5 28
179.9219 540.8 29
181.1563 541.5 28
182.3125 544.0 29
183.5781 545.0 28
184.6563 545.3 29
185.8750 549.0 25
187.1875 550.3 24
188.3125 553.3 23
189.5938 555.8 26
190.7969 559.0 25
191.9063 562.0 24
193.0938 566.5 23
194.2031 568.8 25
195.3750 573.8 25
196.5469 578.0 24
197.8438 581.3 23
199.0781 585.0 24
200.2031 591.0 22
201.3281 595.5 25
202.6094 600.5 24
203.7969 606.3 24
204.8906 595.8 20
206.0938 576.5 22
207.5625 557.0 23
208.8594 538.8 22
210.0469 522.3 23
211.3750 506.5 23
212.4688 492.5 22
214.0625 479.3 23
215.3438 468.0 24
216.5469 456.3 25
217.9219 445.8 28
218.8125 435.0 26
220.4375 425.0 25
221.7500 416.3 28
222.9844 407.8 29
223.8750 400.0 29
225.5469 392.8 29
226.7813 386.3 28
227.8281 379.8 33
228.9375 373.3 25
230.5469 368.0 32
231.6719 362.8 34
232.7969 357.5 32
234.0781 352.5 27
235.1875 348.5 35
236.6250 344.3 32
238.3281 340.0 34
239.2188 336.3 35
240.5469 333.3 32
241.9688 329.8 33
243.4375 327.3 33
244.0938 324.3 34
245.8125 321.8 40
246.6563 319.3 37
247.7031 317.3 33
249.1250 315.3 34
250.1563 313.3 40
251.9688 311.5 32
252.9844 310.3 37
253.9219 309.0 35
255.6563 307.3 36
256.9063 306.0 34
258.2344 305.5 35
259.1250 304.8 36
260.0156 304.3 35
261.7031 303.5 36
262.6250 303.3 34
263.7500 303.3 35
265.4063 302.8 34
265.9375 303.3 35
267.7500 303.0 35
268.6094 303.3 35
270.1406 303.5 32
271.1094 304.0 39
272.1094 305.3 39
273.5313 305.5 38
274.7969 306.3 34
275.5313 307.8 37
276.9531 309.3 33
277.9531 310.5 37
279.7656 311.5 36
280.7500 313.3 35
281.8125 314.8 31
283.0469 316.8 34
284.4063 318.5 35
285.1250 321.5 33
286.1094 323.5 34
287.5313 326.3 30
288.8906 329.0 29
289.4688 332.0 30
291.0625 335.0 32
291.9688 338.5 27
293.3125 342.0 30
294.2031 347.0 21
295.4844 330.3 20
296.8594 318.0 22
298.2656 306.8 21
300.3906 297.3 21
300.8906 287.5 21
302.2500 278.0 21
304.6250 270.0 24
305.2813 261.8 26
307.5938 254.5 22
308.7969 247.5 25
308.9688 242.0 22
310.4531 236.5 24
313.3594 230.3 24
313.2500 225.5 24
315.7500 220.8 21
316.9375 216.3 24
318.1250 212.3 27
319.3125 208.5 26
320.5000 205.0 24
321.6875 201.8 26
322.8906 198.8 28
324.0781 195.5 26
325.2656 193.0 28
326.4531 190.3 26
327.6406 188.0 26
328.5000 185.5 26
330.0156 183.5 30
331.2188 181.5 27
332.4063 179.8 32
333.5938 180.3 16
334.7813 173.8 13
335.9531 175.8 23
337.1250 175.5 10
338.3281 172.3 31
339.5156 171.3 31
340.7031 170.3 25
341.8906 169.0 30
343.0781 168.5 26
344.7656 167.8 30
345.9531 167.3 33
347.1563 166.3 32
348.3438 166.0 30
349.5313 165.3 32
350.7031 165.3 34
351.9063 164.8 33
353.0781 164.8 35
354.2813 164.8 36
355.4688 164.8 37
356.6563 164.8 38
357.8438 164.8 40
359.0313 165.0 38
0.2813 165.5 37
1.4688 165.8 31
2.6563 166.0 32
3.8594 166.8 38
5.0469 167.3 31
