#RPLIDAR SCAN DATA
#COUNT=301
#Angule	Distance	Quality
6.6094 161.5 30
7.5469 163.3 26
8.9844 164.8 29
10.1875 166.8 26
10.8750 168.3 25
12.0625 170.5 23
13.2500 172.5 29
14.4375 174.3 25
15.6250 176.8 25
16.7031 179.3 25
18.0156 181.5 23
18.8750 184.3 24
20.4063 187.3 24
21.5938 190.3 23
22.2813 193.8 27
23.9219 196.3 24
25.0938 199.8 25
26.2813 203.5 24
27.4844 207.0 22
28.9063 211.3 23
29.2188 216.3 22
29.8906 220.5 19
32.2344 220.8 19
33.6563 224.5 27
34.5938 220.0 25
34.2969 216.0 29
36.9688 211.8 33
38.1719 208.3 32
39.3594 204.5 33
40.5469 201.5 32
41.7344 198.8 33
42.9219 195.5 31
44.1094 193.0 35
45.2969 190.3 32
46.4844 188.0 29
47.7656 185.5 32
48.9531 183.8 35
50.1406 181.8 30
51.3438 180.0 36
52.5313 178.5 32
53.7188 177.0 29
54.9219 175.5 30
56.1094 174.3 33
57.2969 173.0 34
58.5000 171.8 34
59.6719 170.8 30
60.8750 169.8 30
62.0625 169.0 35
63.2656 168.5 31
64.9531 167.8 36
66.1406 167.5 34
67.3281 167.0 37
68.5156 166.8 36
69.7188 166.3 36
70.9063 166.0 33
72.1094 166.0 34
73.3906 166.0 32
74.5938 166.0 33
75.7813 166.3 34
76.9844 166.3 34
78.1875 166.8 36
79.3750 167.3 34
80.5781 167.5 32
81.2656 168.0 30
82.4688 168.5 27
83.6719 169.3 30
84.8594 170.3 29
86.0625 171.0 33
87.2656 171.8 29
88.4531 172.8 31
89.6563 173.8 32
90.8438 175.0 33
92.2969 176.3 34
93.2344 177.5 30
94.4375 179.3 32
95.6406 180.5 31
96.8594 182.0 27
98.0625 183.8 33
99.2656 185.8 28
100.4531 187.5 31
101.6563 189.8 29
102.8438 191.8 33
104.0469 194.3 26
105.2500 196.5 28
106.4531 198.8 31
107.6406 201.5 27
108.8438 204.5 28
108.7500 207.5 27
111.2344 210.3 28
110.9531 214.0 25
113.6250 217.0 31
113.4219 221.0 22
116.0313 224.5 27
117.2188 228.5 26
117.1719 233.0 27
117.6094 237.5 25
120.0469 242.3 23
119.7031 247.3 27
121.9375 252.3 24
121.7031 258.0 24
122.8906 264.3 21
124.3750 270.5 24
124.8125 277.3 24
126.4531 284.0 21
127.5313 291.5 22
128.8906 300.0 22
129.5938 307.8 20
130.2031 317.0 20
131.3906 325.5 19
132.5938 335.5 21
133.5156 346.5 17
134.4063 357.8 18
135.7500 370.3 16
136.6719 383.3 15
137.8750 398.0 16
138.9063 414.3 14
140.0781 432.3 15
141.2031 451.8 16
142.1563 473.0 15
142.9219 496.8 15
144.0000 522.5 14
145.2188 548.5 13
146.2656 556.0 27
147.5625 554.0 32
148.7344 552.3 30
150.0000 549.3 29
151.0156 547.5 28
152.3125 544.0 32
153.6563 541.3 34
154.6094 540.8 36
156.0313 538.8 30
157.0781 538.5 33
158.3594 537.5 35
159.4219 536.3 36
160.6719 536.8 36
161.7813 536.0 38
163.0781 536.0 38
164.1250 536.0 34
165.4219 537.3 27
166.6719 537.8 17
167.6563 542.0 17
168.9844 548.5 16
169.9844 557.3 21
171.3125 560.3 24
172.3281 561.5 26
173.6250 563.3 25
174.8438 566.0 24
175.9844 569.0 26
177.0938 572.3 27
178.2969 575.3 25
179.5000 577.5 23
180.5156 581.5 24
181.7031 585.0 23
182.9531 588.8 27
184.1563 593.0 26
185.1875 597.5 25
186.4844 602.3 25
187.7656 608.3 24
188.8281 612.8 24
190.0313 620.8 26
191.1719 624.8 23
192.3594 630.3 24
193.5781 621.5 20
194.9063 599.5 24
196.0938 581.5 22
197.4531 563.3 22
198.8281 546.0 21
199.9688 530.8 25
201.1719 516.0 21
202.6719 502.5 23
203.7344 490.5 22
204.9219 478.5 27
206.3594 468.0 25
207.5938 458.3 28
208.8906 449.3 28
210.1719 439.0 27
211.4063 430.5 29
212.7188 422.3 29
214.0156 414.3 27
215.1094 407.0 28
216.5000 400.8 29
217.9063 394.8 27
219.0781 388.8 28
220.2969 384.0 33
221.5000 378.3 28
222.6875 373.0 29
223.9844 368.8 31
225.0000 364.3 33
226.5781 360.0 30
227.8594 356.5 35
228.7813 352.8 32
230.1719 350.3 36
231.3906 347.0 35
232.3906 344.3 35
233.6719 341.8 35
235.0469 338.8 34
236.2656 337.0 36
237.5469 334.5 32
238.6719 333.3 32
240.4375 331.0 35
241.7813 329.3 38
242.6094 328.0 36
243.6719 327.0 33
245.1250 326.0 35
246.4063 325.0 37
247.5000 323.8 36
248.8906 323.0 38
250.0156 323.0 39
250.9375 322.8 41
252.4375 322.5 40
253.3438 322.5 38
254.5156 322.3 35
255.8594 322.8 37
257.0000 322.8 38
258.0469 323.5 36
259.6719 323.8 34
260.5469 324.3 34
262.0313 325.8 31
263.4375 326.5 32
263.9531 328.3 34
265.2344 329.3 32
266.3750 331.3 34
268.0469 332.5 33
269.2188 334.3 31
270.4219 336.0 35
271.2344 338.5 28
272.4844 340.8 33
273.9531 343.0 33
275.0938 345.8 30
276.2031 349.3 35
276.9375 352.0 33
278.3594 356.8 31
279.4531 338.3 16
281.2500 324.5 19
282.7969 311.3 19
283.6875 298.8 20
285.4844 287.3 20
286.2344 276.5 19
288.2500 266.5 21
289.5313 257.0 21
291.7031 248.5 22
293.9063 241.3 20
295.3438 235.0 22
295.2656 227.5 21
297.5000 221.5 24
298.6875 216.0 23
298.9375 210.8 24
301.0938 205.8 25
302.2969 201.5 24
303.4844 197.5 22
304.2656 194.0 24
305.8750 189.8 26
307.0781 186.0 24
308.2813 183.0 26
309.4688 180.0 31
310.6719 177.0 25
311.8594 175.5 22
314.0313 170.5 17
315.7188 167.3 12
316.9219 165.5 27
318.1094 163.8 26
319.2969 161.8 25
320.4844 160.3 25
321.6719 158.5 28
322.8438 157.3 27
324.0469 156.0 31
325.2344 154.8 28
326.4219 153.8 27
327.6094 152.8 28
328.7813 152.0 30
329.9688 151.0 30
331.1563 150.3 30
332.3438 149.5 31
333.5313 149.3 32
335.3438 148.8 29
335.9219 148.0 31
337.1250 147.8 31
338.3125 147.5 32
339.5156 147.3 33
340.6875 147.3 33
341.8750 147.3 33
343.0781 147.0 32
344.2500 147.3 35
345.4531 147.3 33
346.6406 147.5 34
347.5625 148.0 34
349.0000 148.3 31
350.2031 148.5 33
351.3906 149.0 34
352.5781 149.5 32
353.7656 150.3 31
354.9531 151.0 30
356.1406 151.8 29
357.3281 152.5 26
358.5156 153.5 30
359.7031 154.5 28
1.1563 155.5 27
2.0938 156.8 29
3.2813 157.8 26
4.4688 159.0 30
5.6563 160.5 28
