#RPLIDAR SCAN DATA
#COUNT=300
#Angule	Distance	Quality
6.4219 230.3 27
7.5000 225.0 26
7.3125 220.5 27
10.0156 215.8 29
11.2031 211.5 25
12.3906 208.3 31
13.5938 204.5 31
14.7813 201.0 34
15.9844 198.3 33
16.6094 195.3 31
18.3750 192.3 30
19.5625 189.8 31
20.7500 187.3 32
21.9375 184.8 32
23.1406 182.8 32
24.2813 181.0 30
25.4688 179.3 33
26.6719 177.3 32
27.8594 176.0 33
29.0469 174.5 31
30.2500 173.0 36
31.4219 172.0 32
32.6250 171.0 34
33.8125 169.8 31
35.0000 168.8 33
36.1875 168.3 33
37.8906 167.5 35
39.0781 166.5 39
40.0000 166.3 32
41.4531 165.5 34
42.6406 165.0 34
43.8438 165.0 36
45.0313 164.8 36
46.2188 164.8 37
47.4063 164.5 30
48.6563 164.5 34
49.8438 164.5 33
51.0313 164.8 35
52.2344 165.3 32
53.4219 165.5 36
54.6094 165.8 34
55.8125 166.5 33
57.0000 167.0 36
58.1875 167.5 32
58.8906 168.3 32
60.0781 169.0 35
61.2656 169.5 31
62.4688 170.8 31
63.6563 171.8 29
64.8594 172.8 29
66.2969 174.3 32
67.2344 175.3 29
68.4219 177.0 29
69.6250 178.3 34
70.8125 179.8 32
72.1250 181.8 26
73.3281 183.3 31
74.5313 185.0 30
75.7344 187.0 30
76.9219 189.0 31
78.1094 191.5 28
79.3125 194.0 29
80.5156 196.0 28
81.7188 198.5 31
82.9219 201.3 27
84.1250 204.3 30
85.3125 207.0 29
86.5156 210.3 30
86.2813 214.3 27
88.9063 217.3 30
90.1094 221.0 28
89.7031 225.3 25
91.3281 229.0 26
91.7500 233.5 26
93.2656 238.0 26
94.2344 242.8 23
96.6875 248.3 26
96.8125 253.5 23
97.4531 259.5 23
98.3906 266.0 22
99.2656 272.5 26
100.8125 279.0 20
101.9375 286.5 23
102.7031 295.0 20
103.7656 302.3 21
105.2188 311.3 20
105.9531 319.8 18
107.3906 329.8 20
108.3906 340.3 19
108.9844 352.0 19
110.2188 363.5 18
111.2813 376.3 20
112.2500 391.0 18
113.5156 406.0 16
114.4375 423.5 14
115.5313 443.5 15
116.3438 463.0 14
117.3594 485.0 16
118.4844 507.5 13
119.5938 538.5 13
120.7813 543.3 29
121.8750 541.0 32
123.2188 539.5 26
124.3125 537.3 34
125.5938 534.3 30
126.6094 532.8 31
127.8906 530.5 31
129.1563 528.0 32
130.2344 526.8 30
131.4219 525.0 31
132.6875 525.3 30
133.9219 524.5 32
135.0938 523.8 37
136.2656 523.8 33
137.3594 523.0 37
138.6094 522.5 34
140.0156 523.5 34
141.1875 524.5 31
142.2813 524.3 33
143.4375 525.8 31
144.6563 527.0 28
145.7500 528.5 30
146.9844 530.3 31
148.3125 531.5 29
149.4688 533.8 34
150.7188 536.5 32
151.8906 538.5 28
152.7969 542.0 33
154.1406 544.8 30
155.2188 548.0 25
156.3906 551.5 24
157.6563 554.8 22
158.7813 559.8 23
159.9531 564.5 20
161.2813 569.3 21
162.2500 574.8 20
163.4844 579.8 16
164.5469 586.5 16
165.7031 599.5 16
166.8438 609.5 20
167.9063 620.8 24
169.1563 608.5 23
170.4219 590.0 25
171.8125 571.3 22
173.0781 553.5 25
174.3281 537.3 25
175.4375 523.0 24
176.7188 509.0 21
178.1250 496.8 26
179.4063 484.8 28
180.6563 473.5 26
181.9219 462.8 26
183.1719 452.8 28
184.2500 444.3 27
185.5313 435.5 30
186.7656 427.0 27
188.3125 419.3 27
189.4219 412.0 30
190.8594 404.8 33
192.0781 398.3 26
193.5156 392.5 29
194.7656 386.8 29
195.8750 382.3 28
197.2656 376.5 29
198.0781 372.3 31
199.6250 367.3 32
200.8438 363.5 34
202.1875 359.5 30
203.2813 356.0 32
204.7500 352.5 31
205.4688 349.5 36
207.1094 346.8 35
207.9219 344.5 36
209.2969 341.5 35
210.3594 339.5 32
212.0625 337.0 35
213.2500 335.3 41
214.3281 333.3 37
215.2813 331.5 37
216.8750 330.0 39
217.7031 329.0 37
219.5625 327.8 35
220.2813 326.5 33
221.9063 325.8 34
222.5938 325.3 36
224.1719 324.3 36
225.0625 324.0 35
226.7031 323.5 39
227.8281 323.3 38
229.1250 323.5 39
230.1719 323.8 34
231.2813 323.5 37
232.0781 324.0 36
233.3906 325.3 37
234.4688 325.8 33
235.9375 326.8 36
237.0156 327.8 34
238.2344 328.8 34
239.9531 329.5 36
241.2344 331.8 35
242.1875 333.5 32
243.1094 334.8 36
244.6719 337.3 32
245.4063 339.3 34
246.7031 341.5 33
247.9531 343.8 33
248.9844 346.0 31
250.0625 349.3 35
251.4531 352.0 32
252.4531 355.3 29
253.9375 358.3 31
255.0625 364.3 26
256.4219 346.3 17
257.8594 332.3 19
259.0625 319.3 22
260.5156 307.5 19
262.2813 297.5 20
263.1094 287.0 22
265.0781 277.3 22
266.1406 268.8 20
267.1406 261.0 22
268.3906 253.3 21
271.0781 246.3 21
271.0469 239.8 24
273.5313 234.8 24
275.5156 227.8 22
276.7188 223.5 25
277.9219 218.5 22
279.1250 214.3 24
280.3281 209.8 26
281.7813 205.8 27
281.6719 202.3 28
283.9375 199.3 26
285.1406 196.0 28
286.3438 192.8 29
287.5469 189.8 27
288.6719 187.3 29
291.0625 182.5 16
292.2656 178.8 14
293.4688 178.5 25
294.6563 176.3 27
295.8594 175.0 30
297.0625 173.0 31
298.2656 171.8 28
299.4531 170.3 25
300.6563 168.8 30
301.8594 168.0 27
303.5469 166.8 29
304.7500 166.0 29
305.9531 165.0 32
306.8906 164.3 32
308.3438 163.3 33
309.5469 162.8 29
310.7500 162.3 35
311.9375 161.8 34
312.9531 161.5 35
314.1406 161.3 30
315.3281 161.3 31
316.5156 160.8 36
317.7031 161.0 36
318.8906 161.0 36
320.0781 161.0 32
321.2813 161.3 32
322.4531 161.5 35
323.6406 162.0 33
324.8281 162.0 35
326.0313 162.5 34
327.2188 163.3 28
328.4063 163.8 33
329.5938 164.5 29
330.7813 165.3 33
331.9688 166.0 29
333.1563 167.0 30
333.8438 168.0 29
335.0313 169.0 27
336.2188 170.0 25
337.4063 171.8 28
338.5938 173.0 28
339.7813 174.3 26
340.9688 176.0 28
342.1719 178.0 29
343.3594 179.3 31
344.4219 181.3 27
345.7344 183.0 29
346.9219 185.3 27
348.1094 187.3 28
349.2969 189.5 28
350.4844 192.0 28
351.6719 194.8 27
352.8594 197.5 23
354.0469 200.0 23
355.2344 203.3 23
356.4219 206.3 21
356.6406 209.5 22
357.9688 213.3 24
0.0313 216.8 27
1.2188 221.0 23
1.2031 225.0 20
2.1875 229.3 23
4.7969 229.8 22
