#RPLIDAR SCAN DATA
#COUNT=300
#Angule	Distance	Quality
5.6875 182.8 33
6.8750 181.3 31
8.0781 180.0 36
9.2656 178.5 34
10.4688 177.5 34
11.6563 176.5 35
12.8438 175.8 36
14.0469 175.0 39
15.2344 174.3 33
16.4219 173.5 37
17.6250 173.0 33
18.8125 172.5 36
20.0000 172.3 38
21.2031 172.0 34
22.3906 171.8 34
23.5781 171.8 34
24.7500 171.8 33
25.9375 172.0 32
27.1406 172.0 32
28.3281 172.3 38
29.5156 172.5 37
30.7188 172.8 32
31.8906 173.5 37
33.0938 174.0 35
34.2813 174.5 37
35.4688 175.5 33
36.6719 176.0 36
37.8594 177.3 35
39.0469 177.8 30
40.2344 179.0 32
41.4375 180.0 35
42.6250 181.3 33
43.8125 182.5 28
45.0000 183.8 37
46.1875 185.5 30
47.3906 187.0 32
48.6406 188.8 32
49.8438 190.5 30
51.0313 192.5 32
51.4375 194.8 33
53.4219 196.5 32
54.8594 199.3 29
55.8125 201.0 28
57.0156 203.8 32
58.2031 206.3 29
59.4063 209.0 26
60.5938 212.3 28
61.7813 215.0 28
62.9844 218.5 24
64.1719 222.0 29
64.7344 225.5 25
64.6563 229.5 27
67.1250 233.3 26
68.3906 237.8 25
70.3906 242.5 26
70.4219 247.0 26
70.8438 252.0 23
72.5781 257.3 23
73.2500 263.0 26
74.6250 269.0 23
75.5938 275.5 23
76.1250 282.3 22
77.6094 289.3 22
78.0469 297.0 20
78.9531 305.0 22
80.6875 312.8 21
81.1094 322.0 22
82.3281 330.8 19
83.6406 341.3 20
84.3750 352.3 17
85.6094 363.0 19
86.5313 376.5 17
87.7500 389.5 16
88.7656 404.8 16
90.1094 420.0 14
90.8750 439.5 14
91.9688 458.0 16
93.2031 479.0 15
94.1406 502.5 14
95.2344 527.3 13
96.4375 537.0 29
97.6563 535.3 34
98.7813 532.5 28
100.0781 530.0 31
101.1563 526.3 29
102.5938 524.3 30
103.6406 522.8 31
104.7813 520.3 32
105.9844 519.3 34
107.2344 517.3 33
108.5781 516.3 34
109.6406 515.3 31
110.9531 513.8 33
112.3125 512.8 35
113.4844 513.5 34
114.5469 513.3 34
115.4688 513.5 37
116.6875 514.3 32
117.8750 514.0 33
119.1094 515.5 33
120.3125 516.8 36
121.4219 517.8 32
122.5625 519.3 32
123.9219 520.5 32
125.0000 521.8 32
126.1875 524.0 31
127.4844 526.8 26
128.7188 528.8 30
129.6250 533.0 30
130.8281 535.3 32
132.2188 538.0 30
133.3594 542.3 31
134.5781 545.8 24
135.6250 550.8 27
136.7813 554.5 30
137.8750 558.5 26
139.3438 563.5 26
140.3750 569.8 26
141.4844 576.3 28
142.7188 582.5 27
144.0313 587.5 28
145.1250 593.5 26
146.3750 590.0 24
147.5625 573.0 25
148.8594 554.5 23
150.1094 537.8 25
151.4219 522.0 25
152.6719 508.5 24
154.0313 495.0 22
155.0781 483.5 29
156.6094 472.0 24
157.7813 461.8 26
159.0000 452.0 27
160.2188 442.0 31
161.3750 432.8 27
162.8750 424.3 25
164.1563 416.0 26
165.3594 408.3 28
166.5156 401.5 29
167.9688 394.5 27
169.0938 388.8 29
170.3594 383.5 28
171.3906 377.5 28
172.6406 372.5 29
173.9844 367.8 32
175.0469 363.5 34
176.3438 358.5 30
177.4688 355.3 31
178.9375 351.0 35
180.1406 348.0 34
181.2500 345.0 33
182.8281 341.5 37
183.9531 338.5 32
185.0781 336.5 38
186.6094 333.3 31
187.2813 331.8 36
189.0000 329.3 33
189.8594 327.8 37
191.3594 325.5 36
192.3750 323.8 36
193.9531 322.5 41
195.3438 321.3 37
196.1406 320.5 36
197.7813 319.3 41
198.4531 318.8 39
200.0625 317.8 33
200.8438 317.5 35
201.9688 317.3 37
203.5000 316.8 36
204.4531 317.0 34
206.0156 317.0 35
206.8438 317.0 35
207.9844 317.3 35
209.8281 317.3 33
210.8438 318.0 34
211.4688 319.0 38
212.9063 320.0 36
214.3594 321.0 34
215.7813 322.0 40
216.3750 323.5 39
217.8906 325.0 36
218.6406 326.8 31
220.3438 327.8 29
221.0938 330.5 38
222.2656 332.0 33
223.5625 334.3 29
224.5313 337.0 32
225.7500 339.5 32
227.0156 342.0 32
228.4688 344.8 30
229.3906 348.5 37
230.9063 351.0 34
231.8438 355.0 31
233.1250 357.8 32
233.9375 351.0 20
235.5313 338.3 18
236.9531 326.3 19
238.3438 315.8 20
239.5000 305.0 22
240.9219 295.8 24
242.2656 286.3 22
244.5469 277.8 23
245.5625 270.0 25
246.9844 263.3 25
247.6875 255.8 24
249.0938 249.8 24
250.7031 243.8 24
251.9844 238.5 27
254.8750 233.0 26
254.4219 228.0 25
257.2969 223.8 26
256.9219 219.8 24
259.5938 215.8 26
260.9219 211.8 28
262.1406 208.5 28
263.3438 205.3 27
264.5156 202.3 29
265.7188 199.8 28
266.9219 197.0 27
268.1250 194.8 28
269.3281 192.3 25
271.7344 186.0 10
272.9531 186.3 25
274.1563 184.5 28
275.3594 183.0 28
276.5781 181.5 26
277.7813 180.0 34
278.9688 179.0 30
280.1875 177.8 31
281.3906 176.5 28
282.5938 175.5 29
283.7969 175.0 33
285.0000 174.3 32
286.2031 173.5 35
287.4219 172.8 31
288.5625 172.5 34
289.7656 172.3 34
290.9688 172.0 32
292.1719 171.8 32
293.3594 171.5 32
294.5781 171.5 36
295.7656 171.5 35
296.9688 171.5 36
298.1719 172.0 33
299.3750 172.0 34
300.5781 172.5 35
301.7813 172.8 31
302.9844 173.3 37
304.1875 174.0 32
305.3906 174.8 35
306.5938 175.5 29
307.7969 176.3 34
308.9844 177.0 26
310.2031 178.3 31
311.4063 179.3 32
312.4531 180.3 29
313.6563 181.8 28
314.8438 183.0 29
316.0469 184.5 28
317.2344 186.0 28
318.4219 187.8 27
319.6250 189.8 29
320.8281 191.5 28
322.0156 193.8 27
323.2031 195.5 26
324.4063 198.0 30
325.5938 200.0 28
327.0313 202.8 29
327.9844 205.0 25
328.4375 208.0 26
330.3750 211.0 26
330.5000 214.3 25
331.9688 217.3 30
333.9531 220.5 21
333.7813 224.5 25
334.9063 228.3 22
335.8906 232.5 22
336.9688 236.5 23
339.0938 240.5 22
339.6094 244.0 24
340.0625 245.0 23
343.3281 239.3 30
343.2500 234.5 31
345.8438 229.5 27
347.0313 225.0 26
348.2344 220.8 26
348.8594 216.5 30
350.6250 213.0 32
351.8125 209.5 31
353.0000 206.3 29
354.2031 203.5 35
355.3906 200.3 31
356.5781 198.0 35
357.7813 195.3 32
358.9688 193.0 34
0.2344 190.5 34
1.4219 188.8 35
2.6250 186.8 28
3.8125 185.3 36
5.0156 183.5 35
