#RPLIDAR SCAN DATA
#COUNT=302
#Angule	Distance	Quality
6.3281 187.3 16
7.7656 182.8 17
8.7031 180.8 19
9.8750 178.3 25
11.0781 176.8 26
12.2500 174.8 32
13.4531 173.0 30
14.6250 171.8 29
15.8281 170.5 26
17.0156 169.0 31
18.1875 168.3 32
19.8906 167.5 32
21.0625 166.5 33
22.2656 165.8 31
23.4531 164.8 33
24.6406 164.5 29
25.8281 164.0 34
27.0156 163.5 33
28.2031 163.0 31
29.3906 162.8 35
30.5781 162.8 37
31.7656 162.8 37
32.9531 162.5 38
34.1406 162.5 41
35.3281 162.8 37
36.5156 162.8 35
37.7031 163.3 32
38.8750 163.5 34
40.0781 163.8 35
41.2500 164.3 33
42.4531 165.0 35
43.6250 165.5 29
44.8281 166.0 29
46.0000 167.0 32
47.1875 167.8 30
47.9688 168.8 29
49.4063 169.8 26
50.3438 171.0 29
51.5469 172.0 27
52.7344 173.3 30
53.9219 174.5 26
55.1094 176.0 31
56.3125 177.5 29
57.5000 179.3 27
58.6875 181.3 23
59.8750 182.5 21
61.0625 184.8 20
62.2656 185.3 19
63.4531 189.0 27
64.6406 191.3 25
65.8281 193.8 26
67.0313 196.0 22
68.2188 199.0 24
69.4063 201.5 24
70.5938 204.3 26
71.8750 207.3 24
71.9531 210.8 23
74.2500 214.3 23
74.1719 218.0 23
75.2031 221.8 20
76.3125 226.0 21
77.6250 230.3 21
78.4531 235.0 21
81.4219 239.3 24
80.5156 244.8 17
81.6094 250.0 22
83.0469 256.0 20
83.9375 262.0 21
85.1875 268.5 21
86.2188 275.3 20
87.6875 282.3 19
88.0156 289.8 19
89.2500 297.8 17
90.7500 306.5 18
91.3594 314.8 17
92.3438 321.0 26
93.5781 320.3 30
94.9375 318.5 38
96.0781 316.3 34
97.1094 313.3 35
99.0313 309.8 34
99.6563 307.5 34
100.9219 305.0 37
102.1406 302.5 34
103.3750 300.3 36
104.5156 298.3 34
106.4219 296.0 30
107.0938 294.0 31
108.6406 292.3 37
109.8281 291.0 36
110.7344 289.3 36
112.5469 288.0 35
113.1406 287.3 35
114.9375 285.8 38
115.8125 285.3 41
117.4531 284.5 36
118.4375 283.8 34
119.2813 283.3 33
120.5000 282.5 35
122.1250 282.5 37
122.4219 282.3 35
123.6250 282.3 33
125.6406 282.5 35
126.9219 282.8 33
127.2188 283.5 35
128.4688 283.8 33
129.6563 284.3 34
131.0000 285.3 35
132.3125 286.0 37
133.5156 287.0 35
134.1406 288.3 35
136.1250 289.0 36
137.3125 290.5 34
137.7344 292.3 33
139.4375 293.8 32
140.6719 295.3 35
141.2500 297.5 35
143.0625 299.8 35
144.2344 302.0 33
145.4688 303.8 34
146.6250 306.0 35
147.4219 308.8 34
148.7500 311.3 36
149.4219 314.3 29
151.0781 317.0 33
152.0000 319.8 29
152.7500 323.8 32
154.3281 327.0 27
155.0469 331.3 29
156.3750 335.0 31
157.9219 339.0 30
158.8125 343.5 31
159.8594 348.8 33
160.9688 353.0 28
161.8750 358.3 29
163.0156 364.0 27
164.0156 369.8 30
165.1563 376.0 26
166.4375 382.8 28
167.3594 389.8 23
168.7031 397.5 25
169.7188 404.8 24
170.9844 412.3 22
171.8438 422.3 23
172.9531 431.8 24
174.4063 441.3 26
175.4375 451.5 25
176.4375 463.0 23
177.4375 475.5 23
178.7813 488.3 23
179.7031 502.0 21
180.7031 517.3 22
181.9063 532.8 21
183.0000 550.0 18
184.1406 568.8 23
185.2344 587.5 32
186.5156 584.0 29
187.9375 578.3 29
189.0625 573.8 31
190.3125 568.3 32
191.4531 563.0 28
192.8281 559.0 31
193.9375 555.0 29
195.0156 550.5 30
196.2344 548.3 29
197.5938 543.8 31
198.6094 541.0 36
199.9531 537.5 34
201.2969 535.8 32
202.3906 534.3 32
203.6563 531.5 35
204.8438 530.3 32
206.0469 528.0 34
207.2188 527.0 31
208.2500 525.5 31
209.4063 525.5 35
210.8125 524.8 36
212.1094 524.8 38
213.3125 524.0 40
214.3750 523.8 38
215.6094 524.8 34
216.6563 525.5 34
218.0469 526.3 33
219.2969 526.8 31
220.2969 528.0 34
221.5469 530.0 38
222.8438 531.3 36
223.8750 534.0 34
225.1563 535.3 35
226.3906 538.3 33
227.4063 541.0 33
228.7656 543.8 32
229.7500 547.5 27
231.1094 551.0 28
232.1563 555.0 31
233.3125 558.8 28
234.7813 562.8 28
235.8281 554.8 17
237.3906 520.0 14
238.7031 499.5 20
239.8438 477.0 19
241.3906 455.8 20
242.7031 437.8 18
243.8906 420.8 22
245.2188 404.8 23
246.7344 391.0 24
247.9063 378.5 21
249.5625 366.5 23
250.4375 355.3 23
252.1719 345.3 25
253.4688 336.0 27
254.6406 327.0 25
256.1094 319.3 29
257.3125 311.5 27
258.2344 304.8 27
259.9844 298.3 26
261.3750 291.8 28
262.3906 286.0 30
263.4531 280.3 27
264.6406 275.0 31
266.2188 270.0 31
267.5938 265.3 29
269.2656 261.0 31
270.4219 257.0 30
272.4375 253.0 32
272.9219 249.5 30
274.4219 246.0 32
275.7969 243.0 29
276.5938 240.3 33
278.1406 238.0 30
278.6875 235.5 31
279.9219 233.0 34
282.5156 230.5 36
283.3281 228.3 35
284.6406 226.8 30
286.6719 224.5 32
286.6719 223.3 36
287.3281 221.8 33
290.1250 220.3 29
290.2344 218.8 32
292.5000 218.0 33
293.2031 217.0 40
294.1094 216.3 35
296.0781 215.3 37
297.2656 214.5 36
298.4688 214.0 35
298.7813 213.5 32
299.5469 213.3 33
302.0313 213.0 37
303.2344 212.8 37
304.4219 212.5 38
305.6250 212.8 40
306.8125 213.0 38
307.6719 213.3 34
307.9375 213.5 33
308.9844 214.0 36
311.5781 214.5 35
311.2813 215.3 36
313.8281 215.8 35
315.0313 216.3 35
316.2188 217.5 29
317.4063 218.5 33
318.5938 219.5 36
319.7656 220.8 30
320.9531 222.0 36
322.1406 223.5 37
322.0469 225.3 30
324.5156 226.5 32
324.9063 228.3 33
326.4688 229.8 29
326.7188 232.0 34
329.2500 234.3 31
330.4375 236.3 31
330.2188 238.8 33
331.9844 241.0 28
333.0781 243.5 30
333.5156 246.5 26
334.3281 249.3 32
335.8750 252.8 28
337.1094 256.0 29
337.5938 259.5 28
339.7344 263.3 26
339.8125 266.8 30
341.5625 270.5 30
341.9531 275.5 27
343.1563 276.5 16
344.5625 269.5 15
345.6250 262.3 17
347.1875 256.5 16
348.8750 249.5 17
350.3750 244.5 15
351.8281 239.0 19
353.2031 234.5 19
354.4688 230.0 16
355.6094 225.5 14
357.6719 221.3 18
357.5469 218.3 17
358.6563 214.0 17
1.2813 210.8 17
1.6406 207.3 15
3.6563 202.5 15
4.8438 196.8 15
