#RPLIDAR SCAN DATA
#COUNT=302
#Angule	Distance	Quality
2.2188 369.5 24
3.5469 376.0 25
4.4531 383.0 23
5.9063 390.5 23
6.7656 398.5 23
8.0469 406.8 25
8.9375 416.0 21
10.3594 424.8 20
11.3438 435.8 21
12.3438 446.8 23
13.3906 457.3 23
14.4688 467.0 25
15.7500 460.0 26
17.0781 454.0 29
18.2656 448.8 29
19.5313 444.0 25
20.6563 438.5 23
21.8125 433.3 29
23.3750 428.5 29
24.4219 424.5 26
25.4375 420.5 26
26.9688 416.3 25
27.8750 412.8 28
29.2031 410.3 30
30.2969 407.0 30
31.8906 403.8 31
32.8281 402.0 32
34.0469 399.3 28
35.4063 397.0 31
36.5938 395.5 28
37.8594 393.5 31
38.6875 392.0 32
40.0625 390.5 30
41.1875 389.8 31
42.6094 388.5 29
43.9531 387.0 31
44.7031 386.5 32
46.0781 385.8 31
47.4063 385.8 33
48.2813 385.5 34
49.4531 385.5 35
50.6563 385.8 34
52.2031 385.8 32
53.3438 386.0 25
54.2188 386.5 27
55.7188 387.3 33
56.7969 388.0 29
57.8906 388.3 24
59.2031 390.0 30
60.2031 391.8 34
61.6250 393.5 31
62.4219 395.5 29
63.8438 397.0 28
64.7500 399.3 28
66.1563 401.5 29
67.2500 403.3 31
68.6094 406.0 28
69.5000 409.0 28
71.0625 412.5 27
72.0625 415.5 25
73.3438 419.3 27
74.4531 423.3 25
75.3281 427.8 26
76.6563 432.3 27
77.6719 435.8 27
78.9688 440.3 24
80.0000 432.3 27
81.4375 420.0 22
82.7500 406.5 23
84.0156 394.0 22
85.4063 382.3 23
86.9375 370.5 23
87.7656 361.0 28
89.1406 351.5 25
90.6875 342.5 28
91.7813 334.0 26
93.4688 326.3 25
94.8594 318.8 29
96.2969 312.3 27
97.5938 306.0 31
98.3594 300.5 30
100.0156 294.3 31
100.7188 289.0 30
102.5625 283.5 29
103.2188 279.0 30
105.4688 273.8 29
105.7969 270.0 31
107.6094 266.0 32
108.5625 262.3 36
109.6406 258.8 32
112.2969 255.3 31
113.3438 252.3 29
113.9531 249.0 33
115.0469 246.5 32
116.4844 244.0 33
117.8125 241.5 30
118.1094 239.3 36
120.9531 237.3 33
120.5313 235.8 35
122.2813 234.0 35
123.0781 232.3 36
125.5781 230.3 35
125.7344 229.0 36
128.4375 227.5 33
129.6250 226.5 34
130.7969 225.3 34
131.0781 224.5 36
132.0469 223.8 38
134.3438 223.0 33
135.5156 222.3 38
136.0156 221.8 35
137.0938 221.5 37
138.1875 221.3 37
138.8594 221.0 32
141.4063 221.0 37
142.5938 221.0 36
143.8906 221.0 39
145.0625 221.5 38
146.2500 221.5 38
146.5625 222.0 38
147.8281 222.8 36
149.8125 223.5 40
149.5156 224.3 34
151.6719 225.0 31
151.9844 225.8 33
154.5469 226.8 32
155.7188 228.0 33
155.3281 229.5 36
157.4688 230.8 39
158.3281 232.3 37
159.2500 233.5 34
160.3594 235.3 33
161.5156 236.8 35
162.4063 239.3 35
165.2031 241.0 30
164.2813 243.0 31
166.8750 245.3 35
167.2813 247.8 34
168.8281 250.3 33
168.8125 253.3 31
170.1875 256.5 31
171.0469 259.5 31
172.8594 262.5 37
173.8438 266.0 32
175.2188 269.3 28
176.4063 273.3 29
176.6719 277.5 33
177.6094 282.0 29
179.1875 286.5 31
179.9844 291.0 28
181.5625 296.3 24
182.1406 301.8 28
183.5313 306.8 29
184.7813 312.0 27
185.5781 318.3 28
186.5156 324.3 26
187.9219 331.0 25
188.9531 338.5 22
189.7656 345.8 23
191.1875 353.8 24
192.0938 362.0 26
193.3281 371.0 23
194.6094 375.8 26
195.5781 371.0 26
196.9531 366.5 27
198.1563 362.0 28
199.4688 357.5 31
200.5938 353.5 28
201.6563 349.3 31
203.0000 346.0 28
204.3438 342.5 30
205.4063 339.0 28
206.7344 336.3 29
207.8594 333.5 28
209.1250 330.5 31
210.1719 328.0 25
211.4531 325.8 30
212.8906 323.3 32
214.0625 321.3 31
215.2969 319.8 30
216.8750 318.0 29
218.1563 316.5 30
219.1406 315.5 31
220.0938 314.8 30
221.5000 313.8 34
222.8906 312.3 33
223.7344 312.0 35
225.4688 311.0 34
226.3750 310.8 35
227.3281 310.3 37
228.6875 310.3 41
229.7031 310.3 41
231.1875 310.3 42
231.9531 310.5 40
233.4844 311.0 38
234.6250 311.3 38
236.0313 312.0 38
236.8281 312.8 37
238.3750 313.5 35
239.2344 314.8 32
241.0156 315.8 32
242.1250 316.5 31
243.3750 318.0 34
244.1250 319.8 29
245.5469 321.3 32
246.6563 323.0 32
247.8438 325.5 30
249.1875 327.3 29
249.8438 329.8 30
252.0156 342.3 12
253.5469 337.5 27
254.5469 341.0 29
255.9219 344.3 30
256.8906 347.5 27
258.0938 351.0 28
259.0000 355.3 26
260.1875 359.0 26
261.4531 363.5 27
262.5000 368.0 25
263.9844 372.5 24
264.8438 377.8 24
266.1563 382.8 23
267.4375 389.0 22
268.4219 394.8 21
269.4219 400.5 24
270.6563 406.5 23
271.9063 404.8 27
273.2344 395.0 23
274.3438 386.8 26
275.7500 378.0 26
276.9219 370.8 26
278.2344 363.3 28
279.7969 356.5 31
280.8438 350.5 32
281.9063 344.0 31
283.3438 339.0 28
284.6094 333.5 26
285.5469 328.5 28
287.0938 323.8 28
288.3438 319.3 33
289.6250 315.3 31
290.8125 311.5 31
291.6406 308.3 33
292.9063 305.0 34
294.4844 301.8 34
295.6875 299.0 37
297.0000 295.8 33
298.1719 293.5 31
299.9375 290.3 33
301.1094 288.0 33
301.8750 286.0 36
302.8281 284.3 32
304.9063 282.0 35
305.2344 280.8 34
306.5938 279.5 36
307.6563 277.8 33
309.2188 276.8 34
310.6406 275.8 34
311.7656 274.5 33
312.6250 273.8 33
313.9531 272.8 32
315.1875 272.3 41
316.2344 272.3 38
317.8438 271.8 38
319.2344 271.5 37
319.5938 271.8 39
320.8438 272.0 40
322.0625 271.8 39
323.9375 272.0 41
324.2344 272.8 40
325.2969 273.0 35
327.0781 273.5 34
328.2188 274.3 33
329.7656 275.3 33
330.9844 276.5 36
332.0469 277.3 37
333.1875 278.8 39
334.4375 280.3 32
335.1563 281.8 37
336.0625 283.3 31
336.9375 285.5 34
338.2656 287.5 33
339.4844 289.5 33
341.2813 291.5 35
342.2656 293.8 29
342.8594 296.5 34
344.2656 299.5 33
345.6563 302.3 32
346.8750 304.5 31
347.7500 307.8 34
348.5625 311.0 32
349.4844 314.8 27
351.2656 318.0 34
352.3906 321.5 29
352.9375 326.3 29
354.3281 330.3 31
355.3125 334.8 30
356.2813 339.5 29
357.4844 344.8 29
358.6719 349.8 30
0.2344 355.3 27
1.2031 361.3 28
