#RPLIDAR SCAN DATA
#COUNT=303
#Angule	Distance	Quality
2.3594 367.0 37
3.4844 367.5 38
4.7500 367.5 36
6.0625 368.0 36
7.0938 369.5 33
8.1719 370.5 32
9.2656 371.5 35
10.3281 372.5 31
11.8438 374.3 35
12.8906 376.3 36
14.0156 377.5 32
15.4063 379.3 36
16.3594 382.3 33
17.5313 384.3 35
18.8906 386.8 32
19.7500 389.5 31
20.9219 392.5 35
22.2656 395.0 33
23.3125 399.0 31
24.4531 402.0 32
25.5156 405.5 32
26.7656 409.8 30
28.0781 413.8 29
29.2188 419.0 28
30.3750 422.8 28
31.1250 428.8 29
32.3594 434.3 31
33.5313 440.3 28
34.9063 446.3 32
35.8750 451.5 31
37.0000 458.5 29
38.0469 464.5 27
39.1406 472.8 24
40.4219 479.8 28
41.5313 488.0 28
42.5938 496.8 27
43.8438 493.8 22
45.2031 484.5 26
46.5625 475.3 23
47.6875 466.0 24
48.8750 457.8 26
50.3438 450.0 26
51.3281 443.0 28
52.7031 435.5 26
54.1719 427.8 25
55.0313 421.3 25
56.6094 415.0 24
57.5469 409.5 27
58.7969 403.8 29
60.2031 399.3 29
61.6094 394.8 28
62.5781 390.5 27
63.8750 386.5 29
65.2188 383.0 26
66.4063 379.0 26
67.5781 375.8 28
68.6719 372.5 24
70.2656 369.5 26
71.5938 366.5 28
72.3594 364.3 30
73.7500 362.0 32
75.1250 359.8 31
76.2500 357.8 31
77.2188 356.8 31
78.7344 355.0 19
79.7031 352.8 26
81.0938 351.8 34
82.5781 351.0 30
83.4219 349.5 26
84.6719 349.0 37
86.1875 348.5 38
87.1719 348.3 38
88.2813 347.5 38
89.5469 347.5 39
90.5625 347.5 40
92.0781 347.8 42
93.1719 348.0 37
94.0469 348.3 37
95.4063 349.3 41
96.6719 350.0 37
97.6875 351.3 36
99.1563 351.8 33
100.4688 352.3 28
101.4375 354.0 31
102.8125 355.3 29
103.7344 357.3 35
104.6406 358.8 30
106.0156 361.3 34
106.9531 363.3 32
108.6250 365.3 31
109.6875 366.5 29
111.1094 354.5 23
112.4219 336.0 21
114.0938 317.8 22
115.0469 302.5 20
117.2188 287.5 20
118.4063 273.3 19
119.0781 261.0 22
121.0313 249.5 22
122.2500 239.5 24
125.0938 230.5 26
124.5938 222.0 23
127.4688 214.5 24
128.1563 206.5 23
129.8438 200.3 24
131.0313 194.5 29
132.2188 188.5 25
133.4063 183.3 29
134.5938 178.5 27
135.7656 174.0 29
136.9531 169.5 27
138.6406 166.0 29
139.8281 162.3 31
141.0156 159.3 26
142.2031 156.0 24
143.3750 153.3 30
144.6094 150.3 30
145.7813 148.0 29
146.9688 145.5 31
149.2656 143.3 29
149.3438 141.3 32
150.5313 139.3 31
151.7188 137.3 32
154.4375 135.8 32
154.0938 134.3 30
156.8594 132.8 31
156.4688 131.5 33
159.2656 130.5 31
160.4531 129.5 32
160.0313 128.8 33
161.2031 128.3 32
163.5313 127.8 33
165.7813 127.5 29
166.5781 127.0 30
167.1250 126.8 29
168.3438 126.5 30
170.5000 126.3 31
171.1250 126.0 29
172.6563 126.0 30
173.3750 125.8 28
172.9688 125.5 28
175.6563 125.5 29
175.3438 125.3 25
178.2500 125.5 30
180.0313 125.5 28
180.2344 125.3 27
180.0781 125.3 27
183.6406 125.5 30
183.7188 125.5 29
186.0156 125.8 30
186.5625 125.8 30
185.9844 125.8 32
187.1719 126.0 32
189.7656 126.3 32
189.5469 126.5 31
191.7969 126.8 27
191.9063 126.8 29
194.4531 127.3 32
194.4375 127.5 34
195.6250 128.0 33
196.8281 128.5 30
200.0469 129.3 30
199.2031 129.8 32
202.2969 130.8 31
203.4688 132.0 29
202.7813 133.0 30
204.5313 134.3 31
206.0781 135.8 30
207.7813 137.0 29
208.0313 138.5 26
208.7344 140.0 26
209.9219 141.8 29
211.1094 143.5 27
212.2969 145.3 29
213.4844 147.3 26
214.6719 149.3 28
215.8594 151.3 26
217.1250 153.5 27
218.3125 156.0 25
219.5156 158.3 24
220.7031 161.3 22
221.8906 163.8 25
223.0938 166.8 26
223.7813 170.0 21
224.9688 173.3 26
226.1719 176.8 25
227.3594 180.3 22
228.5469 184.0 23
229.7500 188.0 23
230.9375 192.5 24
231.4531 197.3 21
232.5000 201.8 24
234.5313 206.5 22
235.7188 212.5 24
236.9063 217.8 21
236.7188 224.0 22
237.9844 230.5 20
239.8438 237.3 21
240.8281 244.8 19
241.7813 253.0 19
242.8594 261.5 21
242.8750 270.8 19
243.7969 280.8 16
245.0938 291.5 18
246.0781 304.0 18
247.1719 314.8 16
248.1094 329.0 15
249.0469 343.8 17
250.2813 359.3 16
251.4531 364.0 30
252.1875 363.0 33
253.7813 361.3 34
254.9063 359.5 31
256.3281 358.0 30
257.4844 356.8 34
258.5313 355.0 31
259.5625 353.8 31
260.7813 352.8 28
262.2188 351.5 35
263.3594 351.0 34
264.5781 350.0 37
265.9688 349.5 38
267.2656 349.0 38
268.2344 349.0 42
269.2031 348.5 44
270.7031 348.0 38
271.6719 348.3 40
272.9375 349.0 39
274.0781 349.8 40
275.4688 349.8 39
276.3594 351.0 38
277.3906 351.8 36
278.7500 352.5 29
280.0469 353.5 33
281.3125 355.0 31
282.4531 356.5 30
283.6875 357.5 38
284.4375 359.5 29
285.7656 361.5 36
287.1094 364.0 29
288.1094 366.0 29
289.5625 368.3 31
290.4531 371.0 27
291.4531 374.0 26
292.5938 377.0 26
294.1563 380.0 29
295.2031 383.3 25
296.2500 387.3 25
297.4375 390.8 25
298.7188 393.8 27
299.5781 399.3 24
301.0469 403.0 27
301.9844 407.8 26
303.1719 413.3 25
304.5469 418.3 22
305.3438 423.8 22
306.8281 430.8 25
307.7188 437.3 23
308.7031 444.0 23
309.7031 451.5 23
310.9844 458.3 24
312.1719 465.8 22
313.0313 479.3 11
314.3750 483.5 22
315.5781 493.5 20
316.6094 505.0 33
317.7500 491.5 24
319.0313 483.0 32
320.2188 474.0 30
321.5469 465.8 31
322.7969 459.3 32
323.9375 451.5 32
325.4375 445.0 29
326.5781 438.5 29
327.8281 432.5 30
329.1563 426.5 30
330.1563 421.5 31
331.2500 416.3 28
332.6250 411.5 32
333.9375 407.5 32
335.0938 402.8 31
336.1406 399.8 31
337.5156 396.0 31
338.5469 393.0 34
339.8438 390.0 31
341.1250 387.0 32
342.5469 384.8 35
343.7813 382.5 33
344.9688 379.8 34
346.0313 378.0 34
347.0313 376.0 35
348.3438 374.0 32
349.5469 372.8 32
350.8594 371.3 31
351.9375 370.8 33
353.1719 369.0 36
354.2813 368.3 35
355.8281 367.8 35
356.5938 367.3 35
357.8750 367.0 36
359.1875 366.8 37
0.5625 366.8 35
1.5000 367.0 40
