#RPLIDAR SCAN DATA
#COUNT=303
#Angule	Distance	Quality
8.0000 146.8 34
8.3594 147.0 29
9.5313 147.8 29
10.7188 148.5 30
12.4688 149.3 32
12.8438 150.0 31
14.2813 150.8 33
15.4688 151.8 32
16.6563 152.8 33
17.8438 153.8 32
19.0313 155.0 35
20.2188 156.5 30
21.4063 157.8 30
22.5938 159.0 33
23.7813 160.8 28
24.8594 162.5 34
26.0469 164.0 32
27.2344 165.8 28
28.4063 167.8 30
29.0938 169.8 26
30.2656 171.8 28
31.4531 173.8 30
32.6250 176.5 27
33.8125 178.5 27
35.0000 181.5 24
36.1719 184.3 28
37.3594 187.0 26
38.5469 190.0 26
39.7188 193.5 27
40.8906 196.3 25
41.2031 200.3 24
43.2656 203.8 28
44.4531 207.5 26
45.6250 212.0 27
46.8125 216.3 23
47.2031 221.0 22
49.2969 225.8 21
50.4844 231.0 28
50.2656 236.8 23
52.2344 242.3 23
51.8906 248.3 23
53.1250 254.8 19
54.2500 262.3 24
55.2656 270.3 22
56.6250 278.0 21
57.4219 286.3 19
58.4531 296.0 18
59.0313 305.8 21
60.2500 314.8 18
61.1094 326.0 17
62.7500 337.0 18
63.5781 350.8 18
64.4063 364.0 17
65.4219 378.5 14
66.5938 395.5 14
67.6719 413.5 14
68.5156 435.5 13
69.6563 457.5 13
70.6875 481.5 13
71.7188 509.3 12
72.6406 542.0 11
73.8125 559.8 26
74.9844 557.0 32
76.2344 554.8 30
77.5313 553.0 31
78.6875 551.0 29
79.7969 549.0 31
80.9375 548.5 32
82.2500 546.5 31
83.3281 545.0 37
84.6875 543.0 37
85.8438 543.3 37
87.1250 541.8 36
88.1719 543.0 38
89.3125 542.8 42
90.6406 543.0 41
91.9063 543.5 37
93.0625 544.8 36
94.1250 545.8 33
95.5000 547.0 33
96.6563 548.3 34
97.7188 549.3 31
98.9844 551.8 31
100.1875 553.0 29
101.4219 555.8 33
102.5469 558.8 30
103.7344 561.0 22
104.8594 565.5 24
105.8906 567.8 30
107.0625 571.5 33
108.3906 575.8 30
109.6406 579.0 26
110.7188 584.3 27
111.8125 588.5 30
112.9375 593.3 27
114.2656 598.8 30
115.1250 604.8 29
116.3594 611.0 27
117.4375 618.0 28
118.6875 627.0 27
119.7813 632.8 28
120.9688 629.3 25
122.1406 614.0 24
123.4219 595.5 25
124.7813 578.0 24
126.0625 564.0 24
127.2969 547.8 24
128.4844 533.5 25
129.6406 521.0 26
130.9531 508.3 27
132.1094 497.3 27
133.4219 486.8 31
134.6719 476.3 29
135.8906 466.5 27
137.2031 459.3 30
138.3594 450.3 28
139.7188 442.8 32
141.0313 434.5 29
142.1719 427.5 29
143.6719 420.5 32
144.5938 414.0 27
146.1563 408.3 30
147.3594 402.5 29
148.3438 397.5 30
149.4063 393.3 32
150.8750 387.8 31
152.0313 384.5 33
153.4688 379.8 34
154.3750 376.5 31
155.5313 372.8 31
156.8281 369.3 36
158.1875 366.5 34
159.5469 364.0 35
160.8281 361.5 39
161.6719 359.0 34
163.0313 356.8 40
164.3281 354.5 33
165.5313 353.0 39
166.8750 351.3 37
168.0469 349.5 40
168.7969 348.8 37
170.4063 347.0 39
171.5313 346.0 36
172.4844 345.3 35
173.8438 345.0 35
174.7188 344.3 38
175.9375 343.5 34
177.5469 342.8 36
178.4688 343.5 38
179.9844 343.0 35
180.8594 343.3 35
181.9219 343.8 38
183.3281 344.0 38
184.7188 344.5 41
185.7813 345.5 35
187.0938 346.3 33
187.6875 347.5 37
189.1094 348.5 39
190.1250 350.0 39
191.7031 351.5 38
192.8438 352.8 29
193.9375 354.8 32
194.9063 356.8 40
196.2500 359.0 34
197.1563 361.5 38
198.4844 363.8 34
199.7656 366.5 32
201.0625 368.8 30
202.0938 373.3 27
203.6250 354.5 19
205.0938 336.8 17
206.5156 322.8 18
207.8281 308.5 19
208.7500 296.3 17
210.4063 284.3 19
212.4844 274.0 19
213.2031 263.8 20
214.3125 254.5 22
215.6406 246.3 21
217.2188 238.3 21
220.2656 231.0 24
220.0156 224.5 23
221.8594 218.3 24
223.8438 212.5 26
224.7969 208.3 25
225.8125 203.0 26
227.4219 198.3 24
228.6250 194.3 25
229.8125 190.0 26
231.0000 186.3 24
232.2031 182.8 24
233.3906 179.5 25
234.5781 176.8 25
235.7656 173.8 25
236.9688 171.3 28
238.1563 168.5 23
241.9531 122.8 9
241.1563 163.3 23
242.3438 161.8 24
243.5469 160.5 21
244.7188 161.5 9
245.9531 157.0 30
247.1406 155.3 32
248.5781 153.8 31
249.5313 152.8 27
250.7344 151.3 27
251.9375 150.3 30
253.1250 149.3 31
254.3281 148.3 29
255.5156 147.3 29
256.7188 146.8 32
257.9219 146.0 31
259.4375 145.5 33
260.3125 145.0 32
261.5000 144.5 36
262.7031 144.3 29
264.8281 144.0 35
265.0781 143.5 33
266.2656 143.8 35
267.4688 143.5 36
268.6563 143.5 34
269.8594 143.8 36
271.5625 144.0 35
272.2500 144.0 34
273.4375 144.5 34
274.6250 144.5 33
275.8438 145.0 32
277.0313 145.5 33
278.2188 146.0 29
279.4219 146.5 30
280.6094 147.3 31
281.8125 148.0 28
283.0000 148.8 31
284.2031 149.8 30
285.8906 150.8 30
286.5938 151.8 26
287.7969 152.8 28
288.8594 154.0 27
290.0625 155.0 29
291.2500 156.8 28
292.4375 158.0 27
293.6250 159.3 24
294.8125 161.0 24
296.0000 162.8 28
297.1875 164.5 23
298.3750 166.5 27
299.0781 168.5 23
300.2656 170.5 22
301.4531 172.8 25
302.6406 175.3 21
303.8281 177.5 26
305.0313 180.5 23
306.2031 182.5 23
307.4063 185.5 23
308.5938 188.5 25
309.7813 192.0 25
310.9688 195.3 21
311.9844 198.8 26
313.1563 202.8 23
314.3438 205.5 23
314.9688 209.3 26
316.7031 202.5 29
317.8906 198.5 30
318.5781 194.5 31
320.2500 190.0 33
321.4375 186.3 28
322.6094 183.0 33
323.7969 179.8 32
324.9688 176.8 30
326.4063 174.3 31
327.3438 171.5 31
328.5156 169.0 33
330.2031 166.8 34
331.3750 164.5 29
332.5625 162.5 33
333.7500 160.8 31
334.9375 159.3 36
336.1094 157.3 30
337.3438 156.0 34
338.5313 154.5 33
339.7188 153.3 33
341.3125 152.3 34
342.0781 151.0 34
343.2656 150.0 32
344.4531 149.3 33
345.6250 148.3 33
346.8125 147.5 30
348.0000 147.0 32
349.1875 146.5 38
350.3594 145.8 34
351.5469 145.5 34
353.6406 145.3 35
353.9219 145.0 35
355.0938 144.8 31
356.2813 144.5 36
357.4688 144.5 35
358.6406 144.5 37
359.8281 144.5 35
1.1406 145.0 35
2.1875 145.0 34
3.3750 145.0 33
4.5625 145.8 34
6.5313 146.3 33
