#RPLIDAR SCAN DATA
#COUNT=301
#Angule	Distance	Quality
7.1250 146.8 32
8.3125 147.3 30
9.5000 148.0 30
10.6719 148.8 31
11.8594 149.5 31
13.0469 150.5 28
14.2344 151.8 30
15.4063 152.5 27
16.5938 153.5 31
17.7813 154.8 30
18.9688 156.3 28
20.1563 157.5 28
21.3281 158.8 28
22.5156 160.5 29
23.7031 162.0 30
24.8281 163.8 25
26.0000 165.5 27
27.1875 167.5 25
27.8750 169.8 23
29.0469 172.0 27
30.2188 173.8 25
31.4063 176.8 24
32.5938 178.8 24
33.7656 181.8 22
34.9531 184.5 24
36.1406 187.5 26
37.3125 190.8 24
38.4844 193.8 25
39.6719 197.3 23
40.8594 200.8 24
42.0313 204.3 23
43.2188 208.3 22
44.4063 212.3 32
45.5781 207.8 25
46.7656 202.5 29
48.0938 199.0 29
48.7813 195.0 33
50.4688 191.3 29
51.6563 187.8 28
52.8438 184.5 31
54.0313 181.5 30
55.2188 178.5 30
56.4219 176.3 32
57.5938 173.5 33
58.7969 171.3 33
59.9844 168.8 32
61.6719 167.0 36
62.8594 165.3 31
64.0469 163.5 33
65.2344 161.8 28
66.4219 160.3 35
67.6094 159.0 35
68.7969 157.5 32
69.9844 156.5 33
71.1875 155.3 30
72.3906 154.3 33
73.5781 153.3 35
74.7656 152.8 32
75.9531 152.0 32
77.1406 151.3 33
78.3281 150.8 33
79.5156 150.3 33
80.7031 149.8 31
81.8906 149.5 36
83.0938 149.5 33
84.8438 149.0 36
85.4688 149.0 35
86.6563 149.0 36
87.8438 148.8 35
88.7813 149.3 32
90.2188 149.3 33
91.4063 149.5 34
92.5938 150.0 34
93.7969 150.3 34
94.9844 150.5 33
96.2500 151.0 34
97.4375 151.8 29
98.9688 152.5 29
99.8281 153.0 30
101.0156 153.8 31
102.2031 154.5 30
103.4063 155.8 29
104.5938 156.8 37
105.7969 157.5 30
106.9844 158.8 29
108.1875 160.3 30
109.1094 161.5 31
110.5625 162.8 27
111.7656 164.3 31
112.9375 166.0 29
114.1406 167.8 30
114.8281 169.5 28
116.0156 171.3 32
117.2188 173.3 33
118.4063 175.5 25
119.6094 177.5 29
120.5313 179.8 30
121.7031 182.3 27
122.8906 184.8 29
124.0781 187.3 27
125.2656 190.5 26
126.4375 193.8 29
127.6094 196.3 24
128.7969 200.0 27
129.6406 203.5 27
129.9844 207.0 27
131.2344 210.8 27
132.6406 214.5 26
134.7031 219.0 24
134.3281 223.8 27
135.6875 228.5 23
137.9063 233.8 24
139.4063 238.5 27
140.4688 244.5 25
139.9531 250.5 24
140.7813 257.0 22
142.8906 264.0 21
143.0938 271.3 23
144.6094 278.8 21
145.3750 287.0 22
145.8125 296.0 19
147.2031 305.3 19
147.9688 314.8 17
149.0781 324.3 18
150.0000 335.8 18
151.0938 347.8 17
152.5313 360.3 17
153.2656 375.8 17
154.1406 391.5 16
155.3281 407.5 15
156.2188 426.5 13
157.4219 448.5 15
158.3125 471.5 14
159.4375 497.0 14
160.5781 524.8 12
161.5625 554.0 21
162.6719 557.0 31
163.9375 554.3 28
165.0469 552.5 31
166.2031 550.0 31
167.2656 548.3 29
168.6250 547.0 30
169.8438 545.5 37
170.9531 543.8 38
172.1875 542.0 38
173.3438 541.5 40
174.5625 541.0 39
175.7656 540.5 44
176.8125 540.8 36
178.0000 543.3 24
179.1094 549.3 32
180.3906 550.5 28
181.5781 552.0 26
182.6563 554.3 24
183.7500 556.0 23
184.9531 555.8 20
186.2188 558.0 19
187.4219 560.0 19
188.6094 563.3 19
189.9063 565.5 17
190.9375 567.0 19
192.2656 571.0 18
193.5156 573.8 19
194.5469 578.3 17
195.6406 583.0 18
196.9063 586.0 19
198.1563 590.5 19
199.3281 596.0 22
200.3906 600.0 21
201.5156 605.3 19
202.6875 611.3 19
203.8438 618.8 18
205.0938 625.8 18
206.2656 633.0 19
207.4063 642.3 19
208.5313 648.0 17
209.7344 624.0 24
211.1563 604.3 23
212.4375 586.3 24
213.7344 570.3 25
215.0781 553.3 24
216.1563 539.8 24
217.4375 525.5 24
218.6875 512.5 26
219.9375 500.0 26
221.4219 488.5 25
222.5781 478.0 26
223.9219 468.5 26
225.2344 459.8 30
226.5156 451.3 32
227.7031 443.5 29
228.9844 434.5 28
230.2188 427.0 26
231.2188 420.0 29
232.5156 413.3 29
233.9219 407.8 32
234.8594 402.0 33
236.3281 396.5 30
237.6406 391.8 32
239.1094 386.8 32
239.8594 383.3 35
241.1094 378.5 32
242.4375 375.3 32
243.7813 371.0 32
245.2969 367.8 36
246.0781 365.0 34
247.6406 361.5 38
248.7031 359.0 32
250.0156 356.3 33
251.1719 354.0 34
252.6406 352.5 30
253.8594 350.8 39
255.0000 348.5 40
255.8125 347.0 30
257.5313 345.5 34
258.5000 344.3 38
259.5313 343.3 34
261.1250 342.8 34
262.1719 341.8 36
263.2188 340.8 34
264.3281 340.0 31
265.5625 339.8 31
266.7656 340.0 34
267.8906 339.8 34
269.2969 339.5 33
270.5625 340.0 37
271.4375 340.8 37
273.0156 341.0 34
274.1875 341.5 36
275.2031 342.5 37
276.2500 343.5 37
277.6719 344.5 35
278.7969 346.0 35
280.2813 347.5 38
281.1250 349.0 35
282.4844 350.5 35
283.7188 352.5 29
284.3594 354.8 33
285.4844 357.0 37
286.9688 359.3 31
287.7500 362.0 34
289.3281 364.8 32
290.4375 366.3 29
291.7500 358.8 18
292.7656 344.0 19
294.5156 329.0 17
295.8281 315.3 18
297.0469 303.0 20
299.0469 289.8 19
300.1719 279.0 18
301.6094 269.3 20
303.5781 259.5 21
304.0469 250.3 22
306.0938 243.0 20
306.6094 235.5 21
308.1250 229.0 23
310.8125 222.3 26
311.8438 216.3 24
313.0156 210.8 25
314.2031 205.5 26
315.3750 201.3 21
316.5625 196.5 25
317.7500 192.8 27
318.9219 188.8 26
320.1094 185.3 27
321.1563 182.0 25
322.4688 179.0 24
323.6406 175.8 26
324.8281 172.8 26
326.0156 170.8 25
327.1875 168.3 26
331.2344 161.8 23
332.4219 160.0 29
333.5938 158.3 31
334.7813 157.0 31
335.9531 155.3 32
337.1563 154.0 29
338.3438 152.8 25
339.5156 151.5 28
340.7031 150.3 30
341.8750 149.5 31
343.0625 148.5 26
344.2344 147.8 28
345.4219 147.0 28
346.3594 146.5 30
347.7813 146.0 28
349.0938 145.5 33
350.1563 145.0 32
351.3438 144.5 36
352.5156 144.3 33
353.7031 144.3 33
354.8750 144.3 31
356.0625 144.0 37
357.2500 144.0 38
358.4219 144.0 40
359.6094 144.3 33
0.7969 144.5 35
1.9688 144.8 34
3.1563 145.0 33
4.3281 145.5 34
5.5156 146.0 32
