#RPLIDAR SCAN DATA
#COUNT=302
#Angule	Distance	Quality
0.8281 548.0 16
2.0625 546.5 15
3.2656 543.5 18
4.4688 541.0 20
5.7813 538.0 20
6.8750 536.5 20
8.0313 534.3 18
9.2188 532.8 22
10.3438 530.3 21
11.6406 527.5 16
12.7813 526.0 22
14.2188 519.0 21
15.3281 516.5 30
16.4844 515.8 32
17.5781 516.3 41
18.6719 516.0 37
19.8594 516.5 40
21.1875 516.8 39
22.3125 517.8 38
23.3594 519.8 36
24.6875 520.5 33
26.0000 521.3 33
26.9688 523.3 34
28.1563 525.3 30
29.5000 527.3 27
30.4375 521.0 20
31.9531 477.3 16
33.5469 440.5 14
35.0625 405.8 14
36.6094 377.8 15
38.1406 353.5 17
39.1406 331.5 19
40.5469 312.8 19
42.7656 296.3 16
43.4375 280.5 18
46.0000 266.3 21
46.8594 253.3 21
49.7188 242.0 21
50.9063 232.0 24
52.3594 222.5 24
52.4688 214.5 22
54.1094 206.3 26
55.9375 199.5 27
57.1250 193.8 27
58.3125 186.5 25
59.5000 181.3 27
60.6875 176.0 29
61.8750 171.8 26
63.5625 167.3 28
64.7656 163.3 29
65.9531 159.5 32
67.1406 156.3 27
68.3281 152.8 29
69.5156 150.0 27
70.7031 147.0 25
71.8906 144.5 31
73.1094 142.0 31
75.3438 140.0 28
75.4844 137.8 33
76.6875 135.8 33
77.8750 134.3 31
80.3594 132.5 30
80.2656 130.8 32
83.4531 129.8 31
82.6406 128.8 34
83.8281 128.0 33
86.6875 127.5 31
86.2031 127.0 31
89.7188 126.8 31
90.3281 126.3 31
89.7656 125.8 25
92.3750 125.5 28
93.6250 125.3 24
95.7969 125.0 27
95.8125 124.8 24
95.7188 124.3 25
98.0469 124.3 23
99.9219 124.3 20
99.3594 124.0 18
100.8906 124.0 19
103.8125 124.0 19
105.1406 124.0 18
104.1406 123.8 18
105.3281 123.8 18
108.7500 124.0 17
109.3750 124.0 18
108.9063 124.0 19
110.0938 124.0 21
111.2969 124.0 19
113.9219 124.3 19
115.9375 124.5 23
114.8750 124.5 24
116.0625 124.8 27
119.1406 125.0 31
120.0469 125.3 24
119.6563 125.5 30
120.6094 125.8 26
123.1719 126.3 29
122.9844 126.5 30
126.2656 127.0 26
125.3438 127.3 30
128.6875 128.0 27
127.7188 128.5 30
129.6563 129.3 27
130.0781 130.0 30
131.2656 131.3 31
132.4531 132.5 28
133.6250 134.0 30
134.7969 135.5 30
135.9844 137.0 27
137.9531 138.8 28
138.3438 140.3 25
139.5313 142.3 27
140.7188 144.0 30
141.8906 146.0 26
143.0781 148.3 27
144.3281 150.5 24
145.5156 152.8 26
146.7031 155.3 22
147.8906 157.8 25
149.0625 160.5 28
150.2500 163.5 26
151.4375 166.5 27
152.1250 170.0 22
153.3125 173.0 23
154.5000 177.0 23
155.6719 180.8 22
156.8594 184.5 25
157.6406 188.5 21
159.2344 193.0 26
160.4219 197.8 26
161.5938 202.5 22
162.7969 203.8 29
163.2813 207.3 28
165.1563 203.8 29
166.3438 200.3 26
167.4063 197.5 27
168.6563 195.0 33
169.8438 193.0 31
171.2656 191.0 31
172.2031 189.3 30
173.3906 187.0 30
174.5625 185.3 32
175.7500 183.8 32
176.9219 182.0 31
178.1094 180.3 29
179.2969 179.3 33
180.4688 178.0 34
181.6563 176.5 33
182.8438 175.8 33
184.0313 174.8 34
185.2031 174.0 33
186.3906 173.0 31
187.5781 172.3 35
188.7500 171.8 31
189.9375 171.3 35
191.1094 170.8 31
192.4219 170.3 32
193.6250 170.3 30
194.8125 170.0 33
196.0000 170.0 34
197.1875 170.0 34
198.3750 170.3 34
199.5625 170.3 33
200.7500 170.5 31
201.9375 170.5 32
203.1250 171.3 34
204.3125 171.8 32
205.5000 172.0 31
206.6875 172.5 33
207.8906 173.0 32
209.3125 174.0 31
210.2500 175.0 32
211.4531 175.8 29
212.6250 176.8 28
213.8281 178.0 31
215.0156 179.0 29
216.3438 180.5 28
217.5313 181.5 28
218.7344 183.0 30
219.9219 184.5 29
221.1094 186.3 25
222.3125 188.0 24
223.5000 189.8 27
224.6875 191.8 27
225.7656 194.3 25
227.0938 196.0 26
228.2813 198.5 28
229.4688 200.8 28
230.6719 203.3 24
231.8594 205.8 24
232.3750 209.0 23
234.2500 211.8 28
235.4531 214.8 25
235.5625 218.5 23
236.8750 222.0 25
237.5625 225.8 20
240.2813 229.5 24
239.9063 234.3 25
242.6875 237.8 20
242.4375 242.5 20
242.9531 247.3 23
244.3906 252.8 20
245.2656 258.0 18
247.3594 264.0 18
248.2500 269.5 19
248.8125 275.8 21
249.3125 283.0 19
250.9063 293.8 11
252.9219 306.0 18
253.5938 314.3 15
254.8438 323.3 18
256.2188 333.3 15
256.8594 343.8 18
258.0938 354.8 16
259.0313 366.8 15
260.2656 379.3 13
261.2813 394.0 14
262.3281 408.8 34
263.5156 403.5 33
264.7031 400.3 32
265.9844 397.0 32
267.5625 393.5 33
268.6563 391.0 37
269.8906 388.0 34
271.2656 385.5 33
272.4375 383.5 36
273.2344 381.5 34
274.8750 379.5 31
275.7031 377.5 33
276.8594 376.3 34
278.5156 374.5 33
279.7500 373.3 35
280.9844 372.0 31
281.7500 371.5 33
282.9219 371.0 34
284.1719 370.5 33
285.5781 369.5 31
286.4219 369.8 33
287.9063 369.5 32
289.1719 369.8 31
290.4531 370.0 32
291.4844 370.8 32
292.5156 371.3 32
293.6719 371.5 31
295.0313 372.5 29
296.1094 373.8 30
297.0469 375.3 35
298.5625 376.8 33
299.4688 378.0 31
300.6250 379.8 33
301.8125 382.3 33
302.9219 384.3 32
304.4063 385.3 32
305.4688 388.5 32
306.8750 391.3 35
307.5781 393.5 32
308.6250 397.3 31
310.1719 399.8 29
311.2969 403.3 32
312.4531 407.3 30
313.4219 410.5 31
314.6406 414.3 27
315.5313 419.3 27
316.9219 423.8 26
317.9219 429.3 28
318.9844 435.3 30
320.2813 440.3 27
321.3125 446.0 32
322.4531 452.0 30
323.6406 458.3 29
324.8438 464.8 28
326.0156 472.3 26
327.0156 480.3 27
328.1250 487.8 27
329.3906 496.0 28
330.5156 506.0 26
331.7813 514.5 25
332.8750 525.8 24
333.9219 536.8 25
335.1406 548.8 23
336.3281 559.0 25
337.2813 573.3 25
338.5781 586.8 23
339.5000 600.8 24
340.6563 618.0 23
341.8594 633.3 22
342.9531 637.3 18
344.2188 627.0 20
345.5469 619.5 18
346.5625 612.3 18
347.8281 604.3 18
349.0313 597.5 18
350.1875 592.3 20
351.5156 584.5 17
352.7969 579.3 20
354.0313 573.5 21
355.1094 569.3 19
356.3750 563.5 17
357.6094 560.3 19
358.7656 556.0 18
0.1094 551.3 17
