#RPLIDAR SCAN DATA
#COUNT=301
#Angule	Distance	Quality
2.8594 311.8 37
3.8125 311.8 37
5.0000 312.0 38
6.4531 312.5 36
7.6875 312.8 36
8.4219 314.0 39
9.6250 314.5 32
11.0781 315.5 32
12.6563 316.3 38
13.7656 317.3 35
14.3281 319.0 37
15.6875 320.3 32
16.6406 322.3 38
18.5000 323.5 39
18.9688 326.0 34
20.3750 327.3 31
21.6094 329.5 36
22.8281 331.8 33
23.8438 334.5 32
25.1406 337.0 30
25.8438 340.5 33
27.4688 343.5 34
28.5000 346.3 28
29.8125 350.0 35
30.5313 353.8 31
31.6563 357.5 32
33.0469 361.3 35
34.0625 365.5 32
35.4844 361.5 22
36.4219 350.5 23
37.9844 340.0 21
39.1406 330.0 21
40.7656 320.5 21
42.2188 312.3 24
43.1719 304.5 25
44.2500 297.3 23
45.9688 290.0 25
47.2969 283.0 24
48.7188 276.8 27
49.7969 271.3 27
51.6563 265.3 24
52.8750 260.3 27
53.7813 255.5 26
56.1875 250.5 28
57.1563 246.3 27
57.4375 242.5 25
60.6563 238.8 29
61.7188 235.5 27
63.0313 231.8 29
62.7656 228.8 27
65.4219 225.8 27
66.6094 223.3 31
67.8125 220.5 26
68.2188 218.3 30
70.1875 216.0 30
71.3906 214.0 29
72.3750 212.0 33
73.8281 210.0 28
75.2656 208.8 26
76.2031 207.0 28
77.4063 205.3 31
78.5938 204.3 32
79.7969 203.5 34
80.9844 202.3 32
82.1875 201.3 30
83.3750 200.5 34
83.8906 199.8 33
85.7656 199.3 33
86.9688 198.8 34
88.1563 198.3 28
89.3438 198.0 24
90.5313 198.0 27
91.7344 197.0 36
92.9375 197.3 36
94.1250 197.3 36
95.3125 197.5 33
96.5781 197.8 42
97.0938 198.0 37
98.9844 198.3 40
100.1875 199.0 36
101.3750 199.5 35
101.6094 200.3 31
103.2656 201.0 37
104.9688 201.5 34
106.1719 202.5 33
107.3594 203.8 33
108.5625 204.8 31
109.7500 205.8 33
110.0781 207.5 30
111.3125 208.8 32
113.3438 210.3 32
114.5469 211.8 31
114.5000 213.5 25
116.3750 215.5 30
118.1250 217.5 25
117.9844 219.5 27
119.2969 221.8 28
120.9844 224.3 27
122.0469 226.5 26
122.4219 229.3 26
125.0469 232.0 27
126.2344 235.3 27
125.4375 238.3 24
128.3594 241.3 22
128.4844 244.8 20
129.8438 247.8 28
130.0938 252.3 22
132.0781 256.0 23
132.5469 260.8 25
133.3438 264.8 21
135.5000 266.5 32
136.8125 263.3 25
138.1875 259.0 30
138.9375 253.3 31
140.2500 247.8 30
141.0000 243.0 29
143.6719 238.3 29
143.4688 234.0 31
145.2031 229.8 28
146.8906 225.5 29
148.8281 222.0 34
148.6875 218.8 30
151.2188 215.8 33
152.3906 212.5 35
152.7500 209.8 36
154.7813 207.0 33
155.9688 204.3 35
157.1406 202.3 36
157.4219 200.3 31
159.5313 198.3 35
160.7188 196.0 31
161.9063 194.8 36
163.0938 192.8 38
164.2813 191.3 33
165.4688 190.0 36
166.6563 188.8 36
167.7969 187.5 33
168.9844 186.5 33
170.1563 185.5 32
171.3438 184.5 35
172.5313 183.8 39
173.7188 183.0 37
174.9063 182.5 32
176.0938 182.3 31
177.2656 181.3 34
178.4531 181.3 35
179.6406 180.8 36
180.8281 180.8 36
182.0156 180.8 35
183.2031 180.8 34
184.3750 180.8 33
185.5625 180.8 36
186.7500 181.3 35
187.9375 181.8 32
189.1250 182.0 34
190.3125 182.8 35
191.4844 183.0 36
192.7969 184.0 32
193.9844 184.5 34
195.1719 185.3 36
196.3594 186.3 32
197.5469 187.3 34
198.7500 188.3 32
200.1719 189.8 33
201.1094 191.0 34
202.3125 192.3 37
203.5000 194.0 32
204.6875 195.0 35
205.8750 197.0 32
206.3281 198.8 38
208.2500 200.3 32
209.7031 202.3 33
210.6406 204.5 33
211.8281 206.5 30
213.0156 209.0 29
214.2188 211.0 32
214.2656 214.0 31
215.6406 216.5 30
217.9063 219.3 31
217.5781 222.8 29
220.1875 226.0 29
221.0938 229.3 28
220.7344 233.0 30
223.8906 236.5 29
225.0781 240.3 29
225.4844 244.3 27
225.1875 249.3 27
226.7344 253.5 27
228.0000 258.5 28
229.5625 263.8 25
229.4844 269.5 25
231.3594 275.5 24
231.6563 282.0 26
233.0000 288.5 25
233.8281 295.5 24
235.5313 302.5 24
236.3750 310.0 24
237.9219 317.3 21
238.6250 326.8 22
239.7656 336.0 21
240.4688 346.8 21
241.7813 356.3 19
242.9219 367.5 19
243.7813 380.3 20
244.8438 393.5 19
246.2969 407.0 19
247.3438 423.8 16
248.2813 440.8 16
249.2656 461.0 18
250.3125 480.0 17
251.4688 503.5 17
252.4844 521.0 30
253.6406 518.8 31
254.8906 514.5 29
256.1563 511.5 32
257.5156 509.0 28
258.7031 506.3 32
259.8594 503.8 33
261.1563 502.0 31
262.2031 499.8 32
263.4219 498.3 34
264.5000 496.8 33
265.9219 495.8 37
267.1406 494.5 31
268.1406 493.5 32
269.5625 493.5 35
270.8281 493.0 35
271.8594 492.8 35
272.9063 492.3 37
274.4219 493.0 35
275.6094 494.0 32
276.6094 494.5 34
277.8750 495.3 31
278.9375 496.0 34
280.1406 497.5 35
281.4531 499.0 33
282.5313 500.8 33
283.7969 502.8 33
284.8594 505.0 34
285.9375 507.3 31
287.0781 509.8 33
288.5000 513.5 32
289.6094 516.0 26
290.6719 519.5 31
291.9531 523.0 30
293.1563 526.3 27
294.3281 531.3 28
295.5313 535.0 30
296.6094 540.0 26
297.7813 546.5 25
299.0469 551.8 26
300.2188 556.5 28
302.4375 569.3 23
303.5625 577.0 28
304.7500 571.0 26
306.1094 552.3 23
307.1719 536.0 26
308.5781 519.0 25
309.8281 504.0 25
311.0313 490.8 23
312.2813 478.5 24
313.4688 467.0 25
314.6406 456.5 28
315.9375 446.8 30
317.2969 436.5 27
318.5469 426.5 28
319.7344 418.0 28
321.1563 410.0 29
322.1250 402.5 28
323.6250 395.8 27
325.0469 389.3 27
326.0938 383.8 29
327.2031 377.5 29
328.3750 371.8 28
329.8281 367.3 31
331.2188 362.0 31
332.3594 357.5 35
333.3438 353.8 31
334.5938 350.3 36
336.2969 346.5 30
337.1250 342.8 33
338.7813 339.5 33
339.4688 337.3 33
340.7188 333.8 32
342.2969 331.3 33
343.0625 329.3 32
344.9375 326.8 32
345.7500 324.0 33
347.2031 322.8 38
348.1094 320.5 33
349.6094 319.0 38
350.8750 317.5 33
351.6563 316.8 34
352.9531 315.5 33
354.0313 314.8 33
355.8750 314.0 33
357.0469 313.5 36
357.8438 312.3 33
359.2188 312.0 35
359.9844 312.0 38
1.7188 311.3 35
