#RPLIDAR SCAN DATA
#COUNT=302
#Angule	Distance	Quality
2.1875 351.5 27
3.3438 343.0 27
4.8750 334.5 25
6.0156 327.0 27
7.2188 319.8 26
8.9844 313.5 28
10.1250 307.8 28
11.5781 302.0 27
12.8438 296.3 27
13.6406 291.3 29
14.9531 285.8 31
16.1563 281.3 33
17.3906 276.8 31
19.1563 273.0 29
19.8906 268.8 31
21.3125 265.3 29
22.7031 262.3 33
24.2188 258.5 33
25.8438 255.8 31
26.6563 253.0 35
28.3281 250.3 36
28.9219 248.0 34
30.3906 245.5 38
31.1719 244.0 34
34.2031 241.5 31
34.5000 240.0 36
35.0156 238.8 41
37.8594 237.0 35
37.6406 235.8 34
40.2188 234.3 38
40.3281 233.3 36
41.2188 232.5 39
43.2031 231.5 35
44.9375 230.5 39
44.4844 230.0 35
45.9531 229.5 37
48.5781 228.8 37
48.3594 228.8 36
50.9531 228.0 35
51.1250 228.3 36
51.6250 228.3 34
54.5000 228.3 35
54.4688 228.5 36
55.7656 228.8 37
56.4688 229.0 34
59.2344 229.8 33
59.1094 230.5 34
60.4219 231.0 38
61.3438 231.8 34
63.9688 232.8 39
64.5156 233.8 34
65.2344 234.8 35
66.0469 236.3 30
67.7031 237.3 34
69.8906 239.0 41
69.9219 240.5 36
70.1875 242.0 34
72.4063 243.8 34
72.8906 245.8 33
73.8438 248.0 35
75.6094 250.0 32
76.6250 252.5 30
78.1406 255.0 32
79.1719 257.5 30
79.6250 260.3 34
81.3125 263.3 33
82.2031 266.3 29
83.8281 269.8 29
83.9063 273.3 30
84.9219 277.3 31
86.5313 280.8 27
87.5625 284.8 28
88.5625 289.0 30
89.9688 294.0 25
91.1250 298.3 26
92.2969 303.3 28
93.3594 308.0 28
93.9375 313.0 24
95.5781 319.3 27
96.4375 325.0 23
97.5781 331.3 27
98.8281 337.8 23
99.5000 345.8 22
100.5625 353.5 22
102.1094 360.3 23
102.9375 368.5 23
104.1875 377.5 21
105.0313 387.3 22
106.1563 397.0 21
107.5469 406.5 21
108.3125 418.8 19
109.5781 431.5 21
110.6250 444.3 19
111.8906 445.5 27
112.9375 442.0 29
114.2344 436.8 29
115.4063 432.5 28
116.3125 428.3 27
117.7188 424.3 26
118.8594 420.0 27
119.8906 416.8 28
121.1563 413.3 29
122.2656 410.5 30
123.7969 407.5 31
124.7500 404.8 31
125.9063 402.5 33
127.3438 401.0 33
128.3750 398.5 29
129.7656 397.0 31
130.7813 395.8 32
132.1094 393.5 32
133.3438 392.5 33
134.3750 391.8 37
135.5469 390.8 31
136.6094 390.3 33
137.8594 389.5 32
139.0469 389.0 31
140.6250 389.3 34
141.5156 388.8 33
142.7188 389.0 33
143.9531 389.3 33
145.3594 389.5 32
146.3906 390.0 32
147.6406 391.0 37
148.5000 391.8 34
149.8594 392.5 32
151.1719 393.8 30
152.1563 394.3 28
153.5938 397.0 33
154.6094 398.5 29
155.6875 400.0 29
156.9531 402.3 27
158.1875 404.0 30
159.2344 406.8 32
160.1875 409.8 33
161.4219 412.8 29
162.7031 414.5 27
163.7344 418.8 28
165.0469 422.5 28
165.9063 425.5 26
167.1875 431.0 27
168.2031 434.3 24
169.2656 439.0 24
170.6094 444.0 26
171.7344 449.3 25
172.8594 454.5 21
174.1250 460.8 21
175.2656 465.5 22
176.3594 455.0 23
177.8125 442.8 25
179.0781 429.8 25
180.4063 418.5 24
181.5313 407.5 26
182.5313 398.8 26
183.9375 389.0 24
185.3750 380.3 27
186.3438 372.3 26
187.7500 364.8 27
189.0938 357.8 32
190.8281 351.0 29
191.5156 344.8 30
192.8750 339.0 29
194.4219 332.8 32
195.7500 327.8 30
196.8750 322.8 33
198.4375 317.8 33
199.6875 314.0 29
200.7188 310.3 36
201.7188 305.8 36
203.2500 303.0 33
204.2813 299.0 32
205.3125 296.0 28
207.1406 292.5 36
208.0156 289.5 33
209.8750 287.3 34
210.5156 284.3 35
211.5938 282.0 35
213.0000 279.5 32
214.9219 277.3 37
215.4375 275.3 35
217.3750 273.8 32
217.7031 272.3 41
219.1719 271.0 39
220.4219 269.5 36
221.6406 268.0 38
223.0313 267.3 37
223.9688 266.5 37
224.8438 265.5 37
226.6719 264.8 35
227.7969 264.0 35
228.4063 263.8 36
230.2344 263.5 34
231.4531 263.5 35
232.0781 263.5 35
233.3281 263.5 32
235.4063 263.8 36
235.6406 264.3 32
236.6719 264.8 35
238.4063 265.3 36
239.4688 266.3 36
240.7969 266.8 34
241.5156 267.8 36
242.6875 268.5 41
244.5625 269.8 31
245.2969 271.3 36
246.2813 272.8 36
248.0313 274.0 32
248.7031 276.0 34
250.5469 277.5 36
251.6406 279.5 33
252.6719 281.8 38
253.3438 284.3 32
254.3594 286.5 33
255.8438 288.8 33
256.8594 291.8 32
258.3438 294.5 31
259.3750 297.8 30
260.7813 300.8 32
261.3125 304.0 31
262.9375 307.5 31
264.1875 311.3 30
265.0938 314.8 31
266.1563 318.8 31
267.6250 323.3 31
268.1875 327.8 28
269.8281 332.5 28
270.7188 337.5 29
271.5000 343.5 26
272.9688 349.0 30
273.8750 354.8 29
275.2500 361.0 28
276.4375 367.3 26
277.1094 375.3 23
278.6719 382.8 23
279.4375 390.8 24
280.6563 397.3 25
281.7813 393.0 26
283.2969 387.8 24
284.1563 382.8 24
285.4063 376.0 23
287.0313 370.8 25
287.9531 365.8 26
289.4063 360.8 27
290.6563 356.5 30
291.5469 352.3 26
293.1250 348.3 27
294.1563 344.5 29
295.2813 340.8 29
296.6719 337.8 28
297.9688 334.3 27
299.0000 331.5 30
300.1094 328.3 28
301.8438 326.0 28
302.4688 323.8 32
304.1875 321.0 28
305.4844 319.3 33
306.2656 317.8 34
307.9063 315.5 30
308.5938 314.3 29
309.7813 312.8 32
311.0938 311.8 33
312.0000 310.5 32
313.3594 309.8 34
314.3750 309.0 34
316.1719 308.3 33
317.4375 307.8 34
318.3906 307.5 36
319.5469 306.8 41
321.0313 307.3 40
321.6406 307.0 42
322.8281 307.0 42
323.9531 307.8 21
327.3594 309.0 20
328.5469 309.3 34
329.8438 309.8 38
331.5938 310.8 36
332.1563 311.8 33
333.4375 313.3 33
334.7813 314.8 31
335.8125 315.8 29
337.1719 317.3 31
338.0156 319.5 28
339.1406 321.5 30
340.4844 323.3 33
341.9688 325.8 28
343.0313 328.3 28
343.8750 331.0 29
345.3438 333.5 28
346.3906 336.5 28
347.5156 339.5 30
348.7500 342.8 25
349.8594 346.8 24
350.8281 350.0 29
351.7813 354.5 28
353.0625 358.0 26
353.8438 363.0 27
355.4219 367.5 27
356.3750 372.0 22
357.5469 377.5 22
358.6406 380.0 23
359.9219 368.8 25
1.5781 358.0 25
