#RPLIDAR SCAN DATA
#COUNT=300
#Angule	Distance	Quality
3.4063 281.5 39
4.8594 282.3 36
6.3750 282.5 34
7.3125 283.5 33
8.0781 284.8 35
9.7500 285.8 37
10.7813 286.8 33
12.3906 288.0 31
12.7188 289.8 34
14.5625 291.3 31
15.3594 293.0 31
16.5313 295.0 33
17.6719 297.0 32
18.7500 299.3 31
20.3594 301.3 31
21.3906 303.8 30
22.7031 306.3 31
23.0781 316.3 10
27.0938 318.3 27
27.8906 321.8 27
29.2188 326.0 25
29.9375 330.0 29
31.5156 334.0 24
32.5000 338.3 23
33.7031 343.0 23
35.0781 345.0 25
35.9844 340.8 23
37.5000 331.3 25
38.3906 322.0 26
40.3125 314.0 25
40.9219 306.8 29
42.2188 299.5 27
43.8125 292.5 27
45.7344 285.8 29
46.3750 280.0 26
48.2500 274.0 26
48.9844 268.5 31
50.3906 264.0 27
51.4688 259.3 30
53.2188 254.8 29
54.6250 250.3 32
55.1875 246.5 31
56.5469 243.0 29
58.8594 239.5 33
60.9531 236.5 31
61.0156 233.8 32
62.4688 230.8 33
63.7344 228.0 32
64.0313 225.8 31
65.4375 223.8 38
66.7500 221.5 35
68.0781 219.3 34
70.4688 217.5 33
71.7969 216.0 36
72.9688 214.5 35
74.1719 212.8 37
75.3750 211.8 41
75.9375 210.8 36
77.7500 209.8 35
78.9531 208.8 32
80.1406 207.8 34
81.3438 207.0 37
82.5313 206.8 33
82.8125 206.0 37
84.9219 205.5 37
86.1094 205.3 37
86.3125 205.3 35
88.5000 205.0 34
88.9531 205.3 33
90.8906 205.0 34
91.3438 205.3 33
93.2813 205.5 39
94.4844 205.8 34
95.6719 206.5 35
96.2500 207.0 37
98.0781 207.5 37
98.4844 208.5 36
100.4688 209.0 32
101.6563 210.3 35
102.8594 211.0 37
104.0469 212.3 38
105.5000 213.3 37
106.4375 214.8 34
107.0781 216.3 37
108.8281 217.5 30
109.2656 219.5 33
111.2188 221.3 32
111.4063 223.0 29
113.6094 225.0 28
114.7969 227.0 32
116.0000 229.3 32
115.3750 232.3 31
118.3906 234.3 33
119.5781 237.0 32
118.6094 240.0 32
119.7969 242.8 29
120.9219 245.8 29
122.7969 249.0 34
124.4531 252.5 29
125.4063 256.3 28
125.9531 260.0 31
126.5313 264.3 27
128.0469 268.8 26
129.3750 272.8 25
129.9219 277.5 27
130.9375 282.8 27
132.6719 287.8 25
133.3594 293.8 24
134.2500 299.5 25
135.1719 305.8 26
136.1563 312.0 23
137.3906 318.5 26
138.5156 325.8 23
139.8281 333.0 22
140.6719 341.3 21
142.1250 349.3 23
142.9375 359.0 20
144.2031 368.0 20
145.2344 378.8 21
146.1875 389.5 21
147.1719 401.0 20
148.2500 413.5 19
149.3594 428.5 20
150.5938 443.5 18
151.7813 454.5 22
152.7656 457.0 31
154.0469 453.3 30
155.4063 448.5 31
156.3438 445.8 32
157.5938 442.3 32
158.7969 438.8 29
160.0625 435.5 31
161.2813 433.3 28
162.3281 430.0 32
163.5625 427.8 30
164.6406 424.8 29
166.0781 422.8 30
167.3906 421.0 31
168.2813 420.3 33
169.6875 418.0 31
170.8125 416.8 31
172.1563 415.8 29
173.1094 415.3 33
174.5000 414.3 32
175.6719 413.8 32
176.8125 413.8 28
178.0469 414.3 20
179.0000 418.3 18
180.3438 421.5 32
181.5313 423.5 23
182.4063 426.0 27
183.6406 426.0 20
185.0469 428.0 21
186.0000 429.3 18
187.3438 430.0 20
188.7344 431.8 19
189.7969 433.5 16
190.8281 435.8 17
192.2344 438.3 17
193.4844 441.0 19
194.5000 443.5 16
195.5625 446.0 20
197.0469 448.5 19
198.1875 452.0 20
199.3125 454.8 15
200.3281 458.8 20
201.5000 463.3 21
202.8750 466.3 18
204.0313 471.5 17
205.0156 476.5 18
206.1094 480.5 17
207.2344 485.3 19
208.3906 491.8 19
209.6563 497.5 19
210.8594 503.8 17
212.0781 509.8 19
213.2031 496.0 24
214.4844 481.3 25
215.8438 467.3 24
217.0313 455.8 25
218.2344 444.5 26
219.6563 433.3 24
221.0469 422.3 26
222.1250 412.8 25
223.3750 404.0 28
224.7188 395.8 26
225.8438 388.0 28
227.5781 380.5 28
228.7344 374.0 29
229.6875 367.0 32
231.0625 360.8 34
232.1563 355.5 28
233.4219 350.0 33
234.8281 344.8 33
236.5156 339.8 32
237.7656 336.0 32
239.1094 331.5 34
240.4219 327.5 32
241.7344 324.0 31
242.5156 320.3 31
243.6719 316.8 32
245.3438 313.8 35
246.5000 311.0 32
247.6875 308.8 35
248.9375 305.8 36
249.9063 303.8 34
251.1563 301.5 36
252.3906 299.8 36
253.6406 297.8 34
254.8906 296.0 33
256.3594 294.3 36
257.3906 293.3 33
258.8281 291.8 35
259.7813 290.8 35
261.5625 289.8 38
262.5156 288.8 36
263.6875 288.3 37
264.3281 287.8 35
266.3438 287.3 36
266.7813 287.3 38
268.4531 287.0 36
269.9375 286.8 38
270.4063 287.0 37
271.9375 287.3 36
273.4688 288.0 35
274.7656 288.0 35
275.7813 288.8 37
277.2031 289.5 35
277.9688 290.3 35
279.1719 291.5 36
280.5156 292.8 36
281.3125 294.0 32
282.2031 295.3 35
284.1875 296.8 34
284.9688 298.8 35
286.4844 300.5 33
287.0313 302.8 34
288.2344 304.5 35
289.1094 306.8 33
290.8125 309.3 32
291.4375 311.3 30
292.7500 314.0 30
294.2188 316.5 31
295.5469 319.8 34
296.1250 322.8 35
297.7344 326.3 30
298.9063 330.0 33
299.5313 334.0 29
300.8906 337.8 29
302.0313 342.5 31
303.4375 346.8 27
304.2500 351.5 28
305.3438 357.0 31
306.8594 361.5 34
308.0313 367.0 26
308.8438 374.3 27
309.9063 380.3 26
310.8125 386.3 26
312.1406 391.3 26
313.4063 391.0 25
314.6250 384.3 24
315.7500 377.0 23
316.9844 370.8 23
318.2969 364.0 25
319.6094 358.0 26
321.0469 352.5 24
322.0781 347.5 28
323.2813 341.8 27
324.3750 336.8 28
325.7344 332.0 29
327.0000 327.8 26
328.0156 323.3 29
329.5000 319.8 27
330.5781 316.3 28
331.7656 313.0 27
333.6719 309.8 28
334.7813 306.8 31
335.9531 304.0 30
336.6406 302.0 28
338.0469 299.5 30
339.1563 297.3 29
340.3125 295.0 32
342.3594 292.8 29
343.1875 291.0 31
344.4688 289.5 31
346.1250 287.3 31
346.9219 286.8 31
347.7656 285.5 34
349.5625 283.8 30
350.4219 283.0 31
351.2656 282.5 32
353.2656 281.5 38
353.7500 281.3 39
355.5938 280.5 32
356.1875 280.3 35
358.0469 280.0 38
358.9531 280.3 39
359.6250 280.0 37
1.2344 280.3 38
2.2031 280.8 39
