#RPLIDAR SCAN DATA
#COUNT=302
#Angule	Distance	Quality
6.8750 142.5 34
8.0625 142.8 36
9.2500 143.0 34
10.4375 143.0 33
11.6250 143.0 31
12.8125 143.5 32
14.0156 143.8 32
15.2031 144.3 35
16.3750 144.8 34
17.5625 145.3 32
19.5469 146.0 31
19.9531 146.5 32
21.1406 147.5 33
22.8906 148.5 32
23.5156 149.3 32
24.6250 150.3 32
25.7969 151.3 33
26.9844 152.5 29
28.1719 153.5 30
29.3594 154.8 31
30.5469 156.5 30
31.7188 157.5 30
32.9063 159.3 27
34.0938 160.8 30
35.2813 162.8 31
36.4688 164.5 29
37.6406 166.3 28
38.3438 168.5 25
39.5156 170.3 25
40.7031 172.8 30
41.8906 175.0 29
43.0781 177.5 28
44.2656 180.3 27
45.4375 182.5 26
46.6250 186.0 24
47.9531 188.8 28
49.1406 192.3 25
50.3281 195.8 24
51.5156 199.0 29
52.7031 202.8 26
53.9063 206.8 25
55.0938 211.3 24
56.2813 215.5 27
56.9688 220.3 22
58.9063 225.0 21
58.6719 230.3 24
60.4219 235.8 23
60.7656 241.8 20
61.2188 248.0 23
62.7813 254.8 18
64.5938 261.8 23
65.3281 270.0 22
65.2969 278.3 19
66.6250 286.8 21
67.5625 296.0 17
68.5313 306.0 21
69.9844 315.5 17
70.9844 327.0 16
72.1250 338.0 16
73.0000 352.0 18
73.8125 365.5 17
75.0938 381.0 15
76.1719 392.3 32
77.3594 390.5 26
78.6250 387.3 29
79.5313 384.8 32
81.0469 382.5 30
82.1563 380.0 31
83.2656 378.3 30
84.4063 376.3 32
85.5938 374.5 30
86.9063 372.8 30
88.3906 372.0 31
89.6875 370.8 32
90.9219 369.5 32
91.8750 369.5 33
92.8906 368.8 36
94.4844 367.5 37
95.6406 367.0 38
96.7344 367.3 37
98.1719 366.8 36
99.2656 367.3 35
100.2500 367.5 36
101.5313 367.8 36
102.6094 368.5 35
103.7813 369.3 35
104.8594 370.5 31
105.9844 371.0 32
107.2969 372.8 30
108.5938 373.5 30
109.8438 375.3 32
110.9531 376.8 30
111.9063 378.5 30
113.4844 380.8 31
114.2656 382.8 29
115.7031 385.3 30
116.7969 387.8 29
117.7500 390.3 28
118.8438 393.3 23
120.2031 396.3 17
121.0938 399.5 27
122.5313 402.3 27
123.4844 405.8 23
124.8281 410.5 27
125.7188 414.0 25
127.0938 419.0 26
127.9219 424.0 23
129.1875 429.0 24
130.4844 434.3 25
131.3906 440.0 23
132.6875 445.8 25
133.9688 451.8 25
135.0000 459.3 24
136.1250 465.8 24
137.0781 472.8 22
138.2813 481.0 23
139.5469 488.5 22
140.7500 488.5 21
141.8594 490.8 28
143.2656 481.3 28
144.5313 472.3 27
145.7969 463.8 28
146.7344 455.5 27
148.2656 447.5 32
149.4531 440.3 26
150.5313 433.0 27
151.9844 425.8 28
153.1875 419.8 28
154.2969 414.0 31
155.4531 408.5 31
156.7031 403.0 31
157.9844 398.3 31
159.3750 393.5 31
160.6094 389.8 29
161.6094 385.5 31
163.0313 381.8 35
164.2656 378.0 31
165.3281 374.8 33
166.5781 371.3 34
167.7656 368.8 36
169.0938 366.3 32
170.1406 364.0 37
171.7656 360.8 40
172.5313 359.0 34
173.6719 357.3 39
174.8438 355.8 36
176.1406 353.8 36
177.6094 352.3 33
178.7500 351.0 37
180.2031 349.8 40
180.8438 348.8 38
182.0469 348.3 40
183.2813 347.8 36
184.4531 347.0 33
185.7813 346.3 35
187.0469 346.3 35
188.2500 346.0 39
189.5781 346.0 36
190.8438 346.0 37
192.2031 346.0 35
193.3125 347.3 37
194.0313 347.8 39
195.5469 348.8 41
196.7969 349.3 37
197.6250 351.0 35
199.1406 352.0 37
200.2500 353.3 33
201.6563 354.5 34
202.6250 356.8 38
204.0156 358.5 36
204.7813 360.5 35
206.0313 363.0 35
207.0000 365.3 35
208.1406 368.3 34
209.2813 370.8 31
210.7188 373.5 31
211.7656 377.0 30
213.3281 379.8 32
214.3750 383.5 28
215.4531 387.5 30
216.5313 390.8 28
217.5625 395.5 29
219.1406 400.5 32
220.0938 405.0 29
221.0000 410.3 29
222.4063 415.0 29
223.4219 421.5 28
224.7500 427.8 26
225.7969 434.8 29
227.1406 442.0 29
228.1406 449.0 29
229.0781 456.3 27
230.5000 464.8 27
231.6719 472.3 23
232.7969 459.8 23
233.8750 451.3 24
235.3906 443.5 24
236.6094 434.5 24
238.0469 425.5 21
239.0625 418.8 24
240.4844 411.3 26
241.5469 404.3 26
242.7969 399.0 23
244.1563 392.8 28
245.4844 387.8 24
246.5156 383.5 27
248.0625 378.0 26
249.1250 374.0 26
250.4688 369.8 25
251.8750 365.8 28
253.1719 362.3 30
254.1406 358.8 28
255.6250 356.0 32
256.7969 353.0 29
257.9375 350.3 30
259.4844 347.3 29
260.1563 345.0 30
261.7188 342.5 31
262.6250 341.0 30
263.9531 339.0 33
265.6250 337.3 30
266.4688 336.0 31
267.6094 334.5 31
268.9844 333.3 31
270.4688 332.3 34
271.6094 331.3 32
272.8125 330.3 37
273.8125 330.0 37
274.7188 329.8 37
275.9219 329.3 34
277.4063 329.0 37
278.9688 328.8 37
279.5781 329.3 35
281.1406 329.3 33
282.0625 329.8 36
283.2031 330.3 32
284.5313 331.3 35
285.4844 332.0 35
286.7031 333.0 35
287.9063 334.0 29
289.1875 335.3 33
290.1563 337.0 30
291.5625 338.3 32
292.6406 340.0 31
294.0781 341.8 32
295.1250 343.5 31
296.3594 350.5 15
297.3125 347.8 25
298.5000 351.0 32
299.8750 353.5 27
300.9063 356.8 31
302.0000 358.5 26
303.1875 345.0 20
304.7500 329.0 19
306.2656 313.8 21
307.8750 301.3 21
308.6563 288.8 23
310.6563 277.3 24
311.9063 266.0 23
313.5938 256.5 22
314.4375 247.8 27
315.5156 239.8 25
318.6406 232.8 27
318.7969 225.8 23
321.0156 219.0 25
321.2500 213.3 28
323.3906 208.0 28
324.5781 203.3 25
325.7656 198.5 30
326.9375 194.3 28
327.5625 189.8 30
328.8906 186.0 29
330.5000 182.5 26
331.6875 179.0 30
332.8750 176.0 33
334.0625 173.0 29
335.2344 170.5 28
336.4844 168.0 29
338.1719 165.5 33
339.3594 163.3 32
340.5469 161.5 29
341.7344 159.3 27
342.9219 157.5 31
344.1094 156.0 32
345.2969 154.5 33
346.4688 152.8 31
347.6719 151.8 32
348.8438 150.5 31
350.0469 149.5 34
351.2188 148.5 32
352.4063 147.5 34
353.5938 146.8 35
354.7969 145.8 33
355.9844 145.3 35
357.5000 144.8 33
358.3438 144.3 36
359.5313 143.5 35
0.7344 143.3 31
1.9219 143.0 32
4.0625 143.0 35
4.9219 143.0 33
5.4844 142.5 33
