#RPLIDAR SCAN DATA
#COUNT=306
#Angule	Distance	Quality
2.4844 389.3 28
3.7969 384.5 33
4.7969 380.0 27
6.4844 375.8 29
7.4063 372.5 29
8.8594 368.8 32
9.6250 365.5 36
10.9375 363.3 36
12.0313 360.0 33
13.2188 357.0 38
14.6563 355.5 34
15.6563 352.8 30
17.2969 350.5 33
18.5469 348.3 35
19.5469 346.8 33
20.3750 345.3 34
21.6719 344.3 35
22.9844 343.0 33
24.1563 341.8 36
25.4063 340.8 38
26.2813 340.0 37
27.5156 339.8 35
29.2031 338.5 34
29.8594 338.3 33
31.5313 338.0 35
32.3906 338.0 34
33.6563 337.8 33
34.5000 338.3 34
36.0000 338.5 34
37.1875 339.3 35
38.0313 339.8 36
39.2656 340.8 35
40.7188 341.5 36
42.0000 342.3 36
43.1875 344.0 36
44.1719 345.3 34
45.2500 346.5 32
46.3125 348.3 34
47.3438 350.0 36
48.7031 352.0 35
50.1094 354.0 33
50.7969 356.5 33
52.4688 358.3 32
53.6094 361.3 35
54.2500 364.5 29
55.3906 367.5 33
56.6250 370.3 30
58.0781 373.8 27
59.2813 373.3 17
60.1094 357.8 17
61.8594 344.8 19
62.7656 332.0 20
64.6250 319.5 18
65.7656 309.3 21
67.4688 299.5 22
69.0000 288.8 22
70.0156 280.3 22
70.9844 272.5 24
72.3594 264.0 20
74.5781 256.5 23
76.7500 250.0 24
77.2969 243.8 26
77.4531 238.3 23
80.0156 233.3 24
81.8750 227.8 22
83.0625 223.5 25
84.2344 219.0 24
85.4219 215.0 25
85.9063 211.0 25
88.0313 207.8 27
88.9531 204.3 27
89.2344 201.3 25
91.3125 198.3 28
92.5000 195.5 28
93.6719 192.5 28
94.8438 190.3 26
96.0625 188.0 27
97.2344 185.8 27
98.4219 183.8 29
99.5938 182.0 26
100.7813 180.3 32
101.9531 178.8 28
103.1406 177.0 26
104.3125 175.8 27
105.5000 174.8 29
106.6719 173.3 33
107.8594 172.0 31
109.0469 171.5 27
110.2188 170.3 25
111.4063 169.3 28
112.5781 168.8 28
113.7656 168.3 31
115.4375 167.8 32
116.6250 167.3 32
117.7969 167.0 34
118.9844 166.8 35
120.1563 166.5 36
121.1250 166.3 38
122.2813 166.5 41
123.4688 166.5 39
124.6250 166.3 39
125.7969 166.8 38
126.9688 167.0 36
128.1250 167.3 34
129.3125 167.8 32
129.9688 168.3 32
131.1406 168.5 30
132.3125 169.0 31
133.4844 170.0 26
134.6563 170.8 28
135.8125 171.8 29
137.0000 172.5 31
138.1563 173.5 31
139.3281 174.8 28
140.5000 175.8 30
141.6719 177.0 28
142.8438 178.5 30
144.0781 179.8 29
145.2500 181.3 28
146.4219 183.0 28
147.5938 184.8 28
148.7656 186.8 21
149.9375 188.5 26
151.1250 190.5 27
151.7188 192.8 28
153.4531 194.8 28
154.6250 197.3 25
155.7969 199.8 26
156.9844 202.5 27
158.1406 205.3 24
159.3125 207.8 21
159.3438 211.3 25
160.2656 214.8 23
162.8438 217.8 24
164.0156 221.8 22
165.4219 225.3 23
165.2813 229.8 28
167.5313 222.3 29
168.4531 216.5 28
169.6250 211.8 31
170.9219 206.8 27
171.1250 203.0 31
172.9219 198.8 33
174.4219 194.8 31
175.5938 191.0 30
176.7656 187.8 31
177.9219 184.5 28
179.0938 181.8 27
180.5000 179.0 29
181.4219 176.0 33
182.5938 173.8 31
183.7656 171.5 30
184.9219 169.3 29
186.5938 167.3 34
187.7656 165.8 31
188.9375 163.8 33
190.0938 162.0 36
191.2500 160.5 37
192.5781 159.3 27
193.7344 158.0 36
194.9063 157.0 35
196.0938 155.5 33
197.2656 154.8 33
198.4375 153.8 34
199.6094 153.3 34
200.7813 152.5 31
201.9531 151.8 32
203.1250 151.3 32
204.2969 150.5 33
205.4688 150.3 33
206.6406 150.0 32
207.8281 149.5 37
208.9844 149.3 39
210.1719 149.5 34
211.3281 149.3 33
212.5156 149.3 34
213.6875 149.5 33
214.8594 149.5 32
216.0313 149.8 28
217.2813 150.0 33
218.4531 150.5 33
219.6250 150.8 31
220.8125 151.3 34
222.2344 152.0 32
223.1563 152.3 35
224.3281 153.3 33
225.5156 153.8 33
226.6875 155.0 31
227.8594 155.5 29
229.0469 156.8 33
230.2188 157.8 29
231.3906 158.8 32
232.5625 160.0 30
233.7500 161.5 28
234.9219 163.0 28
236.0938 164.3 27
237.2813 165.8 29
238.4531 167.3 29
239.1406 169.5 26
240.4844 170.8 27
241.6719 172.8 28
242.8594 175.0 28
244.0313 177.3 25
245.2188 179.3 31
246.4063 182.0 25
247.5938 184.0 27
248.7813 187.0 27
249.9531 190.0 26
251.1406 193.3 29
252.3281 195.8 27
253.5156 199.0 28
254.7031 202.5 28
255.8750 206.0 27
257.0625 209.8 26
258.2500 213.8 23
258.0000 218.3 25
260.6250 222.8 23
261.2969 227.5 21
261.2656 232.5 24
262.2188 237.8 21
263.3281 243.3 22
266.2188 248.8 22
266.0000 255.5 21
267.2500 262.3 23
268.3438 269.8 22
269.3906 277.0 22
269.8750 285.0 22
271.0625 294.3 21
271.7656 302.8 18
272.6094 312.5 19
273.7813 322.0 20
274.8906 333.5 17
275.8281 345.3 16
276.7813 358.3 17
278.1719 371.5 14
279.1094 386.8 14
280.1094 402.8 16
281.1719 421.8 15
281.8438 441.8 14
283.0000 463.3 15
283.8438 487.0 13
284.9531 515.5 10
286.1406 547.0 9
286.4688 726.3 11
287.8125 725.8 13
288.9219 718.5 13
290.2344 707.0 16
291.4219 702.5 15
292.5313 697.3 16
293.7813 690.0 13
295.0156 684.0 12
296.1719 678.8 12
297.3438 672.8 14
298.4063 672.0 13
299.7031 668.3 13
300.8750 662.0 14
302.0469 661.3 14
303.1719 657.0 14
304.5313 655.5 14
305.6406 652.8 14
306.5625 652.8 15
307.8281 650.0 13
309.0469 646.8 13
310.1719 645.8 14
311.3750 645.5 14
312.5781 645.8 14
313.6563 645.8 14
314.7969 650.0 15
316.0000 650.3 14
317.2188 651.3 13
318.3125 653.8 15
319.5938 653.5 15
320.6406 658.3 14
321.8750 658.8 15
323.0000 660.8 14
324.2969 622.3 30
325.4844 620.5 26
326.5469 622.8 17
327.1875 836.5 13
328.4688 824.8 13
329.5313 845.3 11
330.7188 863.8 10
331.8438 876.0 9
333.0469 852.3 14
334.7500 616.3 20
336.1719 596.5 22
337.3594 579.5 22
338.5469 563.5 24
339.7813 549.3 23
341.0000 534.0 23
342.3906 520.8 26
343.5938 508.0 25
344.8594 497.3 27
346.0156 487.0 27
347.2344 475.5 29
348.5781 466.5 27
349.8438 457.0 28
350.9531 449.3 30
352.3125 441.0 33
353.4844 433.3 28
354.7656 426.3 29
355.8906 419.5 27
356.9063 412.5 29
358.2031 407.0 28
359.3594 401.3 30
0.8125 395.5 26
