#RPLIDAR SCAN DATA
#COUNT=218
#Angule	Distance	Quality
11.1250 122.5 10
13.7188 123.5 16
15.6406 125.0 22
15.5156 126.3 19
15.8281 127.3 18
17.0000 129.8 19
18.1719 133.0 17
19.3438 136.5 19
20.5000 140.3 18
21.6719 144.3 16
22.8438 148.5 17
24.0156 153.0 16
25.1563 157.5 17
26.3281 162.8 18
27.0000 168.3 15
28.1719 173.3 18
29.3438 180.3 16
30.5000 186.8 13
31.6719 194.8 15
31.9219 203.0 16
34.0156 210.3 15
34.7656 220.8 13
34.5938 231.8 13
35.7656 242.8 13
37.0469 254.8 12
37.2344 268.3 13
38.4375 285.3 13
39.2031 302.5 12
39.7969 321.8 11
41.2656 343.8 11
42.0938 364.8 15
43.0781 368.0 28
44.1250 368.0 32
45.4688 366.5 31
46.8906 366.0 33
47.6875 365.5 33
49.2813 365.0 36
50.4219 364.5 35
51.2188 363.8 39
52.5156 364.0 37
53.5156 363.8 40
54.9531 364.0 40
56.0469 364.5 38
57.0000 364.8 40
58.5313 365.0 36
59.5000 365.8 32
60.9063 366.8 35
61.9375 367.8 34
62.9844 369.3 31
64.1250 370.0 30
65.3125 372.0 30
66.3281 373.5 28
67.6719 375.0 29
68.9063 377.0 28
70.0313 379.3 32
71.1719 381.5 31
72.2656 383.8 30
73.3125 386.8 29
74.7344 389.0 26
75.6563 392.3 27
77.2031 395.0 26
78.3438 398.5 25
79.1875 402.0 27
80.5938 406.0 27
81.5156 409.8 25
82.6563 414.0 23
83.7344 418.8 23
84.7813 423.8 23
86.1719 428.8 23
87.0625 434.8 25
88.5625 440.5 22
89.4844 446.8 24
90.7344 451.8 24
91.7344 459.8 23
93.1406 466.0 23
94.2344 473.5 22
95.2656 481.5 22
96.2031 489.5 22
97.3906 499.3 22
98.6406 507.8 20
99.6406 518.5 22
100.7813 528.8 21
102.0156 539.5 19
103.2188 543.5 28
104.3281 535.5 30
105.5625 527.0 24
106.9219 517.5 28
108.1719 509.8 29
109.2344 502.8 28
110.3594 495.0 25
111.6875 488.3 26
112.8750 481.8 27
114.0781 476.0 29
115.0781 470.3 29
116.4688 465.8 30
117.6563 460.5 31
118.7500 456.5 31
120.0938 452.0 33
121.0625 447.8 33
122.3281 444.5 32
123.7031 441.5 35
124.6719 437.0 32
125.9375 434.5 32
126.9531 431.5 31
128.1094 428.5 31
129.4375 426.8 31
130.8281 424.0 30
131.9219 422.5 33
133.0625 420.5 31
133.9844 419.5 33
135.4844 417.8 32
136.3750 416.5 32
137.9063 415.3 29
139.0000 414.5 31
140.1406 413.3 33
141.5781 413.5 33
142.4219 413.0 34
143.5938 413.3 32
145.0625 413.5 32
145.8906 413.8 33
147.2344 413.5 33
148.2344 413.8 29
149.6563 415.0 30
150.8906 416.0 32
151.7344 417.0 31
153.2188 418.5 32
154.0469 419.8 31
155.5156 422.0 33
156.4531 424.0 30
157.6094 425.3 34
158.7500 427.8 31
160.1875 430.0 36
161.0938 432.3 34
162.2500 435.8 33
163.2500 438.8 29
164.5781 441.0 33
165.4688 445.3 31
166.8750 448.5 33
168.0000 452.3 32
168.9219 455.8 30
170.2656 460.8 33
171.3750 464.5 30
172.5625 469.8 30
173.6563 475.3 31
174.7344 480.3 28
175.7344 487.0 30
177.1250 492.0 29
178.0938 497.8 28
179.1563 505.3 28
180.3594 512.0 27
181.3750 519.8 27
182.6875 517.3 21
185.2969 497.5 12
189.1250 688.8 12
190.3750 660.8 15
191.5625 684.3 11
192.8750 664.3 12
194.0781 646.3 13
195.2500 630.5 13
196.5469 616.8 14
197.6719 600.3 13
198.9531 586.8 14
200.0625 578.3 13
201.4688 563.5 13
202.6563 554.5 13
203.7969 544.3 15
205.1406 532.3 14
206.3750 524.5 13
207.5156 516.5 15
208.8281 507.3 14
210.0469 501.3 13
211.2656 494.5 13
212.3438 488.3 14
213.8125 482.0 14
214.8125 476.5 15
215.9531 472.3 14
217.3438 467.0 14
218.5469 462.3 15
219.6875 459.8 15
220.9844 454.3 14
222.2656 451.0 15
223.3906 448.5 16
224.5781 444.3 14
225.8281 441.3 15
226.7813 438.5 13
228.1563 436.3 15
229.2031 433.3 13
230.7344 388.3 20
232.3281 382.5 23
233.3125 378.3 27
234.5313 379.8 20
235.8906 391.5 12
236.9063 408.0 11
237.7344 441.5 10
238.7344 454.5 9
239.7188 466.0 9
240.6875 524.3 11
242.6094 588.5 9
243.9531 559.3 15
245.2344 558.0 10
248.3438 310.5 13
250.1094 282.8 14
252.0625 257.8 12
254.1719 237.8 14
254.9219 219.3 14
257.5469 204.0 16
258.7344 190.3 17
259.9219 177.8 18
261.1094 168.0 18
262.7969 158.5 20
263.9688 150.8 21
265.8438 143.8 20
266.3438 136.8 21
267.5313 131.3 23
270.5938 128.0 20
270.6406 125.8 18
271.0625 123.8 14
274.8281 122.3 9
