#RPLIDAR SCAN DATA
#COUNT=300
#Angule	Distance	Quality
6.6719 176.0 28
7.8438 178.8 25
9.0156 182.3 24
10.1875 185.5 23
11.3594 188.8 26
12.5156 193.0 26
13.6875 196.8 25
14.8594 201.0 26
15.7813 205.5 24
17.4531 209.5 23
17.4531 214.8 26
18.6250 220.3 20
20.2969 226.0 20
20.2344 231.5 25
21.2500 238.0 21
22.6719 244.3 20
24.1094 251.5 24
24.5000 259.5 21
25.6563 268.3 23
26.0000 275.8 20
27.3438 285.5 21
28.0313 295.8 18
29.5938 306.0 21
30.3125 317.3 18
31.4688 329.8 18
32.3281 343.0 16
33.5313 357.3 17
34.1094 373.5 13
35.1563 386.3 29
36.7656 383.8 32
37.7031 381.5 31
38.7188 379.5 31
40.3125 377.5 29
41.5625 375.5 28
42.5313 373.5 27
43.7344 372.8 29
44.9844 371.5 30
46.2969 370.0 31
47.5469 368.5 33
48.2813 368.0 33
49.4219 367.0 32
51.0313 366.3 33
51.9531 366.0 34
53.1250 365.5 40
54.5313 365.5 38
55.3281 365.5 40
56.8594 365.8 37
57.9531 366.0 36
58.9375 366.3 33
60.1250 367.0 37
61.2500 367.8 35
62.5156 368.3 32
63.5938 369.8 31
64.9688 371.5 31
66.1406 372.3 29
67.2500 373.8 28
68.4844 375.5 30
69.7188 377.5 29
70.6094 379.0 29
72.1563 381.3 31
73.2188 384.0 30
74.2031 386.5 27
75.2344 388.5 26
76.6406 391.5 31
77.6406 394.8 27
78.7344 397.8 26
80.1406 401.5 28
81.0156 404.5 26
82.2500 408.8 24
83.6250 412.5 25
84.5313 417.3 23
85.6406 422.5 24
86.7500 426.8 25
87.7813 433.0 24
88.9844 438.3 22
90.0938 444.3 22
91.2969 450.8 25
92.6406 456.3 23
93.6406 463.5 23
94.6406 469.8 21
95.9375 477.8 23
96.9219 486.8 24
98.2188 495.3 19
99.2344 503.5 22
100.3438 500.8 23
101.5469 491.5 24
102.9531 481.8 25
104.0625 473.8 27
105.4844 464.8 26
106.8125 456.5 27
107.7344 449.8 28
108.9219 442.3 31
110.4063 435.8 27
111.6250 429.0 29
112.7813 423.5 28
113.8594 417.3 27
115.1563 412.5 28
116.0938 408.0 30
117.5938 402.8 31
118.5938 398.5 27
120.1094 394.5 31
120.9375 391.3 33
122.2813 387.5 32
123.5156 384.5 33
124.5469 381.3 33
126.1406 378.3 30
127.3438 376.0 31
128.2031 373.3 29
129.3281 371.3 32
130.5625 369.3 30
132.1094 367.3 34
133.3281 365.3 32
134.3281 363.8 33
135.5625 362.0 35
136.8125 361.5 37
137.6875 360.5 39
139.0625 359.5 34
140.3750 359.0 34
141.3281 358.3 32
142.5000 357.3 38
143.5000 357.5 38
144.6875 357.5 39
146.3438 357.8 39
147.5781 357.8 38
148.2969 358.0 36
149.5625 358.3 33
150.6875 359.3 33
151.8125 360.0 34
152.8281 360.8 39
154.2969 361.8 37
155.1406 362.8 37
156.3281 364.3 33
157.6406 365.5 34
158.6094 367.3 31
160.1875 369.0 33
161.3750 371.0 33
162.2813 373.0 30
163.3281 376.0 33
164.6875 378.3 32
165.9063 380.8 33
166.9063 383.8 35
168.0938 386.5 29
168.9531 389.8 30
170.1719 393.5 30
171.5313 397.0 29
172.5156 400.5 31
173.6094 404.8 30
174.7031 409.5 32
175.8438 413.8 28
176.8438 418.5 28
178.2031 424.0 26
179.0313 429.3 26
180.4375 434.8 25
181.3438 441.3 29
182.6094 448.0 28
183.5781 454.5 22
184.6563 462.0 28
185.9063 468.3 23
187.2969 477.0 28
188.1719 485.0 26
191.9063 737.5 9
194.5625 669.3 11
195.9063 623.0 18
197.0781 637.0 11
198.1875 626.5 14
199.4375 614.3 13
200.7031 598.0 13
201.7656 586.5 15
203.0156 577.8 14
204.2188 566.3 13
205.5469 555.5 13
206.6719 546.0 13
208.0781 535.0 15
209.0625 526.5 14
210.4531 517.3 14
211.6094 508.5 13
212.9531 502.3 14
214.1250 495.0 13
215.1719 490.3 13
216.3906 483.8 15
217.8906 477.8 15
218.8594 474.8 14
220.0781 471.8 13
221.2813 465.8 14
222.6875 462.0 16
223.6719 459.8 16
225.0156 454.3 15
226.2813 451.0 15
227.1719 449.8 15
228.7500 446.3 15
229.8750 443.5 15
230.8750 441.3 15
232.1719 439.8 14
233.3281 436.8 14
234.3594 435.5 14
236.0469 433.3 13
236.9688 431.8 15
238.2813 431.8 16
239.5625 429.3 15
241.1719 389.5 25
242.4531 385.5 21
243.5781 382.5 27
244.6719 386.3 23
245.7500 394.0 9
246.5156 421.8 9
247.3750 487.5 9
250.5781 570.0 11
251.5469 571.5 11
252.9219 566.3 11
253.9063 571.5 12
255.0000 592.5 11
258.2188 352.3 14
259.1406 334.0 17
261.0000 317.5 18
262.4531 303.8 19
263.8125 289.0 20
264.7188 277.5 21
266.6875 265.5 19
268.8125 255.3 21
269.3750 246.0 22
271.5000 237.0 25
272.0938 228.8 22
274.6094 221.8 23
275.7969 214.8 26
276.9844 208.3 26
277.1250 202.8 27
278.7188 197.5 24
280.5313 192.3 28
281.7031 187.5 27
282.8906 183.0 30
284.0781 179.0 27
285.2500 175.5 26
286.4375 171.8 27
287.6094 168.0 28
289.2344 165.0 32
290.4063 162.3 32
291.5938 159.5 31
292.7813 157.0 28
293.9531 154.8 29
295.1250 152.5 28
296.2969 150.5 29
297.4844 148.5 30
298.6563 146.8 29
299.8438 145.0 32
301.0156 143.8 32
302.1875 142.3 33
303.3750 141.0 32
304.5469 139.5 35
305.7344 138.5 33
306.9063 137.5 35
309.4844 136.5 31
309.2656 135.5 35
312.0469 134.8 30
311.6250 134.0 33
314.0781 133.5 35
313.7969 132.8 33
316.8281 132.5 33
316.1406 131.8 32
318.9219 131.5 35
318.6094 131.3 34
320.4375 131.0 34
320.8125 130.8 32
321.9844 130.5 35
324.0313 130.8 35
326.3438 130.8 33
326.1875 130.8 32
326.6719 130.8 33
327.8438 130.8 33
329.0000 131.0 33
331.2031 131.3 36
332.6250 131.8 37
332.5156 131.8 32
333.6875 132.5 32
334.8594 133.0 30
336.9375 133.8 30
337.2188 134.3 33
338.3750 134.8 37
340.5469 135.8 35
340.7188 136.5 32
341.8906 137.3 31
343.2969 138.3 27
344.2344 139.3 33
346.6563 140.3 29
346.5781 141.3 32
347.9844 142.8 27
349.5313 144.0 31
350.9531 145.3 30
351.7500 146.8 32
352.4219 148.3 29
353.5781 149.8 29
354.7500 151.5 29
355.9375 153.0 30
357.0938 155.3 29
358.2813 157.3 30
359.4375 159.0 30
0.6250 161.3 25
1.7969 163.3 29
2.9688 166.3 29
3.6250 168.8 22
4.8125 171.5 24
