#RPLIDAR SCAN DATA
#COUNT=293
#Angule	Distance	Quality
3.6094 319.3 36
4.3125 318.3 39
5.6094 316.8 36
6.8438 315.8 34
7.7031 314.8 31
9.0156 314.0 37
10.7656 313.3 37
11.7188 312.8 34
12.7656 312.5 33
13.8438 312.3 36
15.4375 311.8 37
16.2656 311.8 32
17.2188 311.5 36
18.5781 312.0 36
19.8750 312.3 35
21.1094 312.8 36
22.0625 313.5 33
23.1719 314.5 32
24.1250 315.0 35
25.2969 316.0 37
26.3906 317.3 35
27.9375 318.0 39
29.2656 319.3 34
30.4688 320.5 36
31.1250 322.5 37
32.5156 324.0 32
33.5000 326.3 30
34.7813 328.3 32
35.9844 330.5 34
37.0938 332.8 32
38.3906 335.0 32
39.1406 337.8 33
40.6250 340.5 34
41.1875 344.3 33
42.4375 346.8 29
43.6250 350.5 32
44.9688 353.8 32
46.0781 357.5 33
47.2500 362.0 33
48.6094 365.8 31
49.3438 370.5 27
50.6719 375.8 27
51.9688 380.5 27
53.0781 385.8 26
54.1406 391.5 27
55.3125 396.5 25
56.3906 403.8 26
57.2813 409.8 28
58.4688 416.5 24
59.6719 424.8 24
60.5781 432.8 27
61.5938 442.0 28
62.8594 450.3 25
63.8438 459.0 27
65.0625 469.3 22
66.0781 478.8 23
67.3438 491.5 21
68.3750 502.8 22
69.6406 515.8 19
70.7969 529.5 23
71.7969 544.3 22
73.0313 552.5 20
74.0000 547.8 25
75.3125 541.0 27
76.5156 535.0 29
77.6406 530.5 27
79.0156 524.3 26
80.1094 519.3 28
81.4219 513.0 27
82.6719 509.3 27
83.6875 505.3 29
84.9375 501.3 28
86.2813 497.0 28
87.4531 494.0 26
88.3750 491.0 28
89.6719 488.5 27
91.0625 484.5 30
92.2969 481.8 29
93.5313 479.5 30
94.6875 477.8 31
95.8594 476.3 31
97.0938 473.8 32
98.2031 473.0 32
99.3750 471.8 28
100.6875 471.3 30
101.8750 469.8 30
102.7969 468.8 34
104.1563 468.8 33
105.2500 468.8 35
106.3594 468.8 34
107.7813 468.8 35
108.9844 468.3 38
110.1563 469.3 33
111.3125 469.8 35
112.4844 471.0 33
113.6250 471.8 27
114.8594 473.5 31
115.5938 475.3 30
116.7188 477.3 34
118.0000 478.8 32
118.9688 480.8 32
120.1875 482.8 25
121.4688 486.0 32
122.6094 489.0 29
123.7500 491.8 26
124.7656 495.8 29
126.0156 498.3 28
126.9688 502.5 20
128.6250 471.5 16
129.9531 448.3 19
131.2656 425.3 17
132.3438 404.5 18
133.9688 388.3 18
134.9688 372.5 18
136.5156 357.8 23
137.6563 345.8 20
139.2813 332.8 23
140.5938 322.0 23
142.0000 312.3 24
143.6250 303.3 22
144.2188 294.5 24
145.9219 286.0 25
147.8281 277.8 24
148.2188 271.3 26
150.4844 264.5 25
151.9063 258.0 28
152.1094 252.0 26
153.9219 247.0 30
154.8594 242.0 26
157.8750 237.3 27
157.1875 233.3 30
160.4688 228.8 29
160.3906 224.8 26
161.5156 221.3 30
163.1094 217.8 30
164.9063 214.3 30
166.0781 211.3 33
166.0000 208.8 33
168.3281 205.8 34
169.5000 203.5 35
170.6719 201.3 29
170.8750 199.3 30
173.0000 197.0 33
174.1719 195.3 35
175.3281 193.3 35
176.5000 191.8 34
177.6719 190.3 31
178.8281 188.8 33
180.0156 187.8 29
181.1719 186.5 28
182.3438 185.3 37
183.5000 184.3 35
184.6719 183.5 34
185.8438 182.5 33
187.0156 181.8 29
188.1719 181.3 34
189.3438 180.8 33
190.5156 180.5 33
191.8281 180.3 38
193.0000 179.8 37
194.1719 179.8 34
195.3438 179.5 35
196.5313 179.5 36
197.7031 179.8 35
198.8750 179.8 37
200.0469 180.0 38
201.2188 180.3 31
202.3906 180.8 32
203.5625 181.3 33
204.7344 181.8 31
205.9219 182.5 31
207.0938 183.0 35
208.2656 183.8 37
209.4375 184.8 37
210.6094 185.8 30
211.6563 187.0 32
212.9688 188.0 31
214.1250 189.3 37
215.3125 190.3 33
216.5625 192.0 34
217.7344 193.5 35
218.9219 195.3 36
220.0938 196.8 31
220.7656 198.8 37
222.4531 200.5 34
223.6250 202.8 35
224.8125 204.5 32
225.9844 206.5 27
227.1563 209.3 28
228.3438 211.5 26
229.5156 214.3 28
229.5625 217.3 33
231.2500 220.0 27
231.6406 223.3 29
233.0156 226.5 26
233.9063 229.8 22
236.5781 234.0 28
235.6719 237.8 26
237.6563 241.3 23
238.2969 245.8 24
239.0781 250.0 26
240.5469 255.0 21
241.2344 260.0 25
243.3906 265.0 22
243.7500 270.8 25
245.5313 276.8 26
245.7031 282.8 23
247.2188 289.8 25
250.1250 658.0 11
251.3906 627.5 10
252.5469 611.0 12
259.9844 532.3 10
261.5313 492.8 10
262.8438 480.8 14
263.9375 475.8 21
265.0938 495.8 14
266.2656 500.3 11
267.4219 482.3 14
268.6250 476.3 14
269.7344 471.8 14
270.9688 464.5 14
272.2500 460.8 15
273.3906 457.0 15
274.6094 450.0 14
275.8750 446.5 13
277.0625 442.5 13
278.3594 439.8 12
279.7500 433.0 12
280.6250 429.0 13
282.0000 425.8 12
283.2656 422.0 14
284.2969 421.0 14
285.4688 416.3 12
286.7031 415.0 13
287.8906 414.0 14
288.9844 410.8 14
290.1563 410.3 14
291.3906 407.3 15
292.6094 407.0 14
293.9531 404.8 14
295.2969 403.8 15
296.0625 403.8 15
297.5625 403.3 14
298.6094 403.5 14
299.8438 401.5 14
301.0469 401.5 14
302.0781 403.0 15
303.1094 403.5 15
304.2969 403.5 16
305.5938 404.8 14
307.0000 404.8 15
307.9688 406.3 15
308.9531 407.0 15
310.2344 408.0 14
311.3906 410.3 14
312.4844 412.0 14
313.6719 414.3 13
314.8906 416.0 12
316.1250 417.8 13
317.0938 421.8 14
318.3438 424.0 14
319.4531 426.5 14
320.6719 429.5 14
321.8125 433.8 13
324.5625 398.8 9
325.7656 378.8 24
326.7969 380.5 32
327.9531 381.5 34
329.2656 383.5 25
331.0625 638.0 11
332.1875 646.8 10
333.4688 617.8 9
334.6563 603.0 9
337.1875 572.8 9
339.8125 381.5 25
340.7656 376.3 27
342.2813 371.8 29
343.2031 366.8 28
344.8125 362.0 33
345.8906 358.3 33
347.2813 353.5 32
348.0469 350.3 33
349.5156 346.3 30
350.7969 342.8 31
351.6406 339.8 32
353.2031 337.0 34
354.0781 334.8 34
355.2500 332.0 31
356.9531 329.3 31
357.7188 327.3 32
359.3125 325.3 35
0.6875 323.5 38
1.2656 321.5 31
