#RPLIDAR SCAN DATA
#COUNT=299
#Angule	Distance	Quality
5.5938 234.8 32
7.3906 231.3 35
8.5625 228.3 33
9.7344 225.3 29
9.4844 222.8 33
11.9688 220.0 32
13.2656 217.8 33
14.4219 215.8 35
15.6094 213.5 32
16.7813 211.8 38
16.7813 210.3 35
18.3438 208.5 33
19.4219 207.0 35
20.4375 205.5 37
22.6406 204.5 34
23.8125 203.5 38
24.8906 202.3 39
26.0625 201.3 33
27.2188 200.3 35
28.3906 199.8 37
29.5625 199.0 36
30.7344 198.8 40
31.8906 198.0 39
33.0625 197.8 40
34.2344 197.5 41
35.4063 197.3 34
36.5781 197.3 35
37.7344 197.3 35
38.9063 197.0 34
40.0781 197.5 34
41.2500 198.0 39
42.4063 198.5 39
43.5781 198.5 41
44.7344 199.3 36
45.9063 200.0 35
47.0781 200.5 36
48.3594 201.5 35
49.5469 202.0 33
50.7031 202.8 35
51.8906 204.3 35
52.8125 205.3 33
54.2344 206.8 33
54.6563 208.3 34
56.5781 209.5 32
57.7500 211.0 34
58.9219 212.5 33
60.1094 214.3 30
61.2656 216.3 31
62.4375 218.3 29
63.6250 220.5 26
64.4531 222.8 29
65.2188 225.0 27
67.1406 227.8 28
68.3125 230.3 31
67.9375 233.5 31
68.8125 236.3 26
71.6563 239.3 35
72.7500 242.5 30
73.7656 246.0 28
73.4531 249.8 29
74.4531 253.8 27
75.5156 257.8 26
76.7813 262.0 23
77.9219 266.3 27
79.6250 271.5 31
80.0938 276.3 26
80.7813 282.0 26
82.5156 287.3 26
83.6250 293.3 24
84.3750 299.8 23
85.5625 306.5 26
86.5469 312.8 23
87.3750 319.8 20
88.6250 327.3 21
89.9688 335.5 24
90.7969 344.3 23
91.7344 353.0 22
92.7500 356.5 28
94.3906 352.0 24
95.1563 348.3 26
96.4375 344.3 28
97.6719 341.5 28
98.9531 337.5 28
100.5938 333.8 23
101.7969 330.8 27
102.9375 328.0 27
103.9219 325.3 30
105.1719 322.5 32
106.1250 320.3 29
107.9219 317.5 30
109.1250 315.3 30
110.1406 314.3 26
111.4531 312.3 33
112.1094 310.8 32
114.0156 309.0 33
114.5313 308.3 32
116.2188 306.8 33
117.0781 305.5 33
118.2813 304.5 34
119.8125 303.8 33
120.7969 303.0 35
122.1563 302.8 34
123.0469 302.3 33
124.3125 302.3 32
125.4531 302.3 35
126.3125 302.0 37
127.4531 302.3 36
129.2344 302.3 36
130.3281 302.3 37
131.0938 303.0 32
132.4375 303.8 34
133.5625 304.3 35
135.0469 305.3 35
135.9844 306.0 34
136.9844 307.3 33
137.8438 308.8 31
139.1406 309.8 32
140.5469 311.0 28
141.2188 313.0 29
142.9063 314.5 27
143.8750 316.5 29
145.0938 318.5 31
146.3594 320.3 26
147.3906 322.8 31
148.1250 325.5 28
149.5156 328.0 27
150.5000 330.8 29
151.5938 333.8 26
153.0469 336.8 27
153.9219 340.5 28
155.1563 343.5 28
156.2188 347.5 29
157.5000 351.0 25
158.3750 355.8 24
159.7188 359.8 26
160.6875 365.3 26
161.7188 369.5 23
163.2500 375.0 22
164.0000 380.8 24
165.1406 386.5 23
166.4375 392.8 22
167.6406 399.0 20
168.6250 405.3 21
169.5156 413.3 22
170.8125 413.0 24
172.1094 405.5 26
173.4531 396.5 25
174.5625 390.0 24
175.7656 382.8 30
176.7969 376.8 28
178.1563 370.0 27
179.5781 363.8 29
180.5469 358.3 29
182.0781 352.8 29
183.4219 348.3 31
184.3594 344.0 31
185.4688 340.0 31
187.0313 336.0 32
188.0313 332.0 32
189.6719 328.3 30
190.9375 324.3 32
191.5469 321.5 33
193.0313 319.0 34
194.4531 315.8 28
195.1719 313.5 34
196.4531 311.3 33
198.0000 309.0 33
199.2344 306.8 34
200.6563 305.3 37
201.8750 303.5 35
202.5781 302.5 33
204.1875 300.5 34
205.1563 299.8 33
206.5938 298.0 32
207.6094 297.3 34
208.6563 296.3 32
209.5000 295.8 35
210.9844 294.8 35
212.0781 294.5 35
213.1875 294.3 33
214.9375 293.8 34
215.6563 294.5 38
216.7344 294.0 35
218.0000 294.3 33
219.1719 294.3 33
221.0469 294.5 37
222.2031 295.3 35
222.7344 296.0 33
224.3438 297.0 35
225.0000 298.0 32
226.2813 299.0 34
228.0156 300.0 34
228.9063 301.5 37
229.7500 303.0 33
230.9219 304.3 32
232.5469 306.0 31
233.2188 308.3 35
234.2188 310.3 35
236.0156 312.0 32
236.9375 314.3 28
237.9688 316.8 33
239.0000 318.8 33
240.5313 321.8 31
241.5781 325.0 31
242.3281 328.3 31
243.5781 331.8 32
244.6875 335.0 32
246.1719 338.5 28
247.4063 342.3 29
248.6563 346.8 26
249.6094 351.0 31
250.5313 356.0 30
251.5625 360.5 30
252.9844 365.8 28
254.2031 370.5 24
255.0469 376.8 27
256.4219 382.3 26
257.5313 389.3 24
258.4531 395.3 24
259.4375 402.5 26
260.7500 408.8 22
261.7656 417.3 20
262.7500 426.5 24
263.8281 436.0 22
265.1719 444.5 22
266.0625 454.8 19
267.3594 465.0 22
268.3281 475.8 22
269.4375 488.0 22
270.5625 891.8 12
271.7813 865.0 12
273.0469 845.3 11
277.9531 739.8 10
279.2188 718.0 14
280.4063 687.5 12
281.7188 698.3 15
282.8281 685.8 12
283.9688 672.3 14
285.1563 661.5 14
286.4219 647.5 14
287.6094 641.8 13
288.8125 632.3 13
290.0313 625.8 14
291.2188 614.8 13
292.3906 614.0 15
293.7188 600.5 14
294.9688 594.8 14
296.0156 589.5 14
297.1875 585.0 13
298.5156 580.8 14
299.7188 575.0 13
300.9844 570.8 15
302.1406 566.8 15
303.1563 562.8 14
304.3750 557.8 14
305.6406 555.3 15
306.6406 553.5 14
307.9531 548.0 14
309.0469 546.8 13
310.1719 546.3 13
311.2656 546.3 14
312.5938 545.5 15
313.7813 543.3 14
314.9219 541.3 15
316.0625 541.3 13
317.3750 537.5 15
318.5156 537.0 14
319.5313 537.8 14
321.0469 489.0 21
322.3750 484.3 29
323.3125 482.0 29
324.6563 487.3 20
328.4375 684.0 15
329.6406 683.8 13
330.7031 703.8 13
333.3750 430.8 16
334.5938 413.3 19
335.9844 398.8 19
337.3594 384.5 21
338.6406 371.8 19
339.5469 359.3 21
341.0000 348.8 25
342.6406 338.3 22
344.0000 328.5 23
344.6406 320.3 24
345.9844 312.5 25
347.3750 304.5 27
348.8281 297.0 25
350.2188 289.8 27
351.6250 282.8 27
352.8125 277.0 27
354.5625 271.0 31
355.8594 265.3 28
357.0000 261.0 28
358.5313 255.8 28
0.2031 251.3 33
1.8750 247.0 33
2.6875 243.0 31
2.4688 239.3 34
