#RPLIDAR SCAN DATA
#COUNT=305
#Angule	Distance	Quality
6.7813 168.0 32
8.4688 166.3 31
9.6406 164.3 34
10.8125 162.8 35
11.9844 161.0 33
13.1563 159.5 35
14.3281 158.3 35
15.5000 157.0 35
16.6875 156.0 34
17.8438 155.0 34
19.0156 153.8 34
20.2031 152.8 32
21.3750 152.0 35
23.1094 151.5 35
24.4063 151.0 35
24.8438 150.3 36
26.0156 149.8 38
27.1875 149.3 35
28.3594 148.8 35
29.5469 148.5 32
30.7031 148.5 37
31.8750 148.3 34
32.7969 148.3 33
34.2188 148.3 35
35.8125 148.5 32
36.5625 148.5 30
38.4219 148.8 31
39.4688 149.0 36
40.0625 149.3 35
41.2500 149.5 35
42.4219 150.3 35
43.5938 150.8 33
45.3281 151.5 31
45.9375 152.0 32
47.0938 152.8 29
48.3594 153.5 32
49.5156 154.3 30
50.7031 155.3 37
51.8750 156.5 33
53.0469 157.5 32
54.2188 158.8 31
55.3906 160.0 33
56.5781 161.3 28
57.7344 162.5 31
58.9219 163.8 30
60.0938 165.8 33
61.2656 167.3 30
61.9531 169.0 28
63.1094 171.0 30
64.2969 173.3 31
65.4688 175.3 26
66.6406 177.5 29
67.8125 179.8 31
68.9844 182.0 29
70.1563 184.8 29
71.3438 187.3 29
72.6250 190.5 26
73.7969 193.8 27
74.4063 196.5 26
75.1563 200.3 25
77.0000 203.5 26
78.3906 207.3 26
78.6563 211.3 26
80.8750 215.0 27
80.6406 219.5 24
83.2344 224.3 25
83.3750 229.0 26
85.0781 234.3 24
86.7656 239.8 26
86.2500 245.5 27
88.2031 251.3 25
88.1563 258.3 23
89.5313 261.5 25
90.2031 263.3 31
92.2031 259.5 28
93.2031 256.3 27
95.2031 253.0 28
95.2813 250.3 30
97.7656 247.3 30
98.9063 244.8 31
99.1094 242.3 29
101.3125 240.0 30
102.5781 237.8 29
102.8750 236.0 27
105.0625 233.5 32
106.8594 232.0 32
106.2344 230.3 31
107.8281 228.5 29
108.6094 227.3 30
111.5938 225.8 31
112.2656 224.8 27
113.9531 223.3 36
115.0156 222.5 38
116.5625 221.8 33
117.5000 221.0 33
118.6875 220.3 31
118.2500 219.8 34
120.8281 219.3 34
122.0000 219.0 34
121.5625 219.0 34
124.3438 218.8 34
125.5156 218.3 35
126.6875 218.5 33
126.4844 219.0 37
129.0313 219.0 33
130.2031 219.3 34
131.0313 220.0 34
131.5781 220.3 31
133.7188 221.0 34
134.8906 221.5 35
136.0625 222.3 33
137.2188 223.0 31
137.0156 224.5 33
139.5625 225.5 29
139.7813 227.0 29
140.6250 228.0 29
142.3281 229.5 29
143.9688 231.0 32
143.7656 232.8 31
144.8125 234.5 30
146.2813 236.5 25
148.7500 238.3 27
148.6250 240.5 30
150.0938 242.8 26
151.1563 245.0 28
151.7656 247.3 29
154.3750 249.5 27
154.0938 253.0 24
155.0625 256.0 25
155.9531 259.0 26
158.0938 262.0 27
158.3750 265.8 21
159.4063 269.3 22
160.7031 272.8 28
161.3594 277.3 26
162.4688 281.8 27
164.5469 285.3 25
165.0781 290.5 25
165.8594 295.8 24
167.5313 300.5 23
168.0313 306.0 25
169.0313 311.3 22
170.0469 317.3 21
171.1094 324.0 21
172.6875 330.5 21
173.5469 337.0 22
174.4531 344.8 21
175.8438 352.8 19
176.8750 360.8 20
178.1406 370.3 17
178.7500 379.8 16
179.8750 390.8 16
181.2031 395.5 23
182.2188 398.5 30
183.5938 393.3 29
184.6719 389.3 28
186.0469 384.5 32
186.9844 380.0 33
188.5625 376.8 29
189.5625 372.5 30
191.0625 369.0 32
191.8906 366.0 33
193.4219 363.3 32
194.7656 360.0 30
195.4688 357.5 34
196.8906 355.8 33
198.0625 352.8 30
199.0938 351.5 38
200.2969 349.8 39
201.4844 348.0 37
202.8594 346.3 31
204.4219 345.0 33
205.5000 343.3 33
206.2344 342.0 33
207.6875 341.8 33
209.1250 340.8 33
210.2969 340.3 36
211.5625 340.0 37
212.7656 339.5 35
213.4531 339.8 34
214.6250 339.5 35
215.8438 339.8 31
217.0781 339.8 34
218.3438 340.0 32
219.3594 341.0 33
220.3750 341.8 33
221.5313 342.5 33
222.9531 343.5 34
224.0000 344.5 34
225.4375 346.0 34
226.5313 347.8 33
227.6406 349.5 35
228.5938 350.5 35
229.9844 352.3 29
230.9375 354.3 30
232.3906 356.5 36
233.5469 359.3 32
234.5938 361.8 34
235.9063 364.8 31
236.7813 367.8 31
238.0000 370.8 28
239.1094 374.3 27
240.6250 378.0 28
241.4219 381.8 30
242.7969 385.3 28
244.1250 389.3 28
245.2031 393.8 25
246.0469 399.0 25
247.4375 403.5 28
248.3594 409.0 28
249.5156 414.8 25
250.5625 420.5 25
251.8281 427.3 26
252.8750 433.8 24
254.2344 440.3 24
255.3906 447.8 26
256.5156 456.0 24
257.5781 464.3 26
258.5781 472.8 28
259.6875 481.3 22
260.8281 491.3 22
262.0000 501.5 23
263.1719 512.0 22
264.1094 524.0 20
265.2656 537.0 22
266.4375 549.5 19
267.5000 563.8 19
268.6563 579.3 20
270.2813 820.3 9
271.6250 782.8 11
272.8438 750.5 13
274.0625 752.0 11
275.1563 740.0 14
276.3906 730.5 14
277.5938 717.5 13
278.8594 702.3 16
279.9844 695.0 15
281.3125 683.5 12
282.5469 670.5 14
283.7344 664.5 12
285.0000 652.8 14
286.2500 642.0 14
287.3281 634.8 13
288.4375 631.8 14
289.7656 624.5 15
290.9844 618.8 15
292.0469 614.3 14
293.3125 607.3 14
294.6875 600.5 14
295.7344 596.5 15
297.0156 592.8 15
298.1563 590.3 16
299.2813 586.5 15
300.6406 584.3 14
301.7031 582.3 14
302.9531 579.8 14
304.0781 579.3 14
305.4063 575.5 15
306.5625 576.0 15
307.5469 572.3 15
308.7813 571.5 15
310.0469 529.0 28
311.3906 523.8 31
312.5469 523.5 17
313.4219 559.0 10
314.2969 603.0 10
315.4063 648.0 9
316.3438 713.5 16
317.5469 712.5 17
318.7656 707.8 14
319.9531 711.8 14
321.9688 486.0 15
323.2188 459.5 16
324.7344 431.5 17
326.3125 407.5 17
327.3125 386.3 16
328.7500 367.8 19
330.4688 350.0 21
331.8125 335.3 21
332.8750 319.5 19
334.6250 307.5 21
335.9688 296.0 19
337.3125 284.5 22
338.6563 274.5 23
340.0313 265.3 21
340.9375 256.5 24
342.2031 247.8 28
344.9844 241.0 21
346.7813 234.5 27
346.1406 228.0 25
349.1250 221.5 28
349.0938 216.3 29
351.4688 211.0 28
352.6563 205.8 31
353.8125 201.5 30
355.0000 197.5 26
356.1719 194.0 29
357.3438 190.0 29
358.5156 186.5 27
359.7500 183.3 33
0.9219 180.8 30
2.1094 177.8 31
3.2813 174.8 33
4.4531 172.5 33
5.6250 170.0 29
