#RPLIDAR SCAN DATA
#COUNT=305
#Angule	Distance	Quality
6.2813 210.3 32
7.9531 209.3 27
9.1250 208.5 33
10.2813 207.5 33
11.4531 206.8 33
12.6250 206.3 31
13.7969 206.0 37
14.9531 205.3 37
16.1250 205.3 37
17.2969 205.5 38
18.4688 205.3 39
19.6250 205.3 39
20.7969 205.5 39
21.3438 205.5 38
23.1250 206.3 37
23.5938 206.5 34
24.1875 207.3 34
26.6094 207.5 33
27.7813 208.5 35
28.2656 209.3 31
30.1094 210.0 33
30.0000 211.0 32
32.4531 212.3 34
33.6094 213.3 33
34.6563 214.8 30
35.9375 215.5 30
37.1094 217.3 35
38.1406 219.0 29
38.1875 220.8 26
39.0313 222.8 30
40.7813 224.5 28
42.6094 226.5 26
42.9688 228.5 27
45.2813 230.8 30
46.4375 233.5 29
46.8125 236.0 25
48.5156 238.8 28
48.2969 241.5 25
49.2344 244.5 24
50.6875 247.5 28
52.3438 249.5 27
53.9375 248.3 25
54.5781 240.5 25
57.2813 233.3 25
57.2500 226.0 23
58.3281 219.5 25
60.5469 213.3 27
61.0938 207.3 25
62.8906 202.3 28
64.0469 198.0 27
65.2188 193.5 30
66.3906 189.0 27
67.5625 185.0 29
68.7344 181.3 29
69.9063 177.8 29
71.0781 174.5 26
72.3281 171.8 27
73.5000 168.8 25
75.1719 166.0 28
76.3438 163.8 30
77.5156 161.5 29
78.7031 159.3 28
79.8750 157.3 31
81.0313 155.3 30
82.2031 153.5 32
83.3750 152.0 34
84.5625 150.5 30
85.7344 149.3 33
86.9063 148.0 32
88.0781 146.8 29
89.2500 145.5 33
91.1094 144.8 31
91.5938 143.5 32
92.7813 143.0 32
94.3594 142.3 31
95.1250 141.5 31
96.3750 141.0 32
97.5469 140.3 31
98.7188 139.8 27
99.8906 139.5 33
101.0781 139.3 32
103.1563 139.3 32
103.4219 139.0 34
104.5938 138.8 30
106.8438 138.8 34
106.9531 138.8 31
108.1250 138.8 31
109.3125 139.0 32
110.4844 139.3 30
111.6563 139.3 32
112.8438 139.8 33
114.0156 140.0 29
115.2031 140.5 31
116.3594 141.0 32
117.5469 141.5 30
118.7188 142.5 31
119.8906 143.0 31
120.8125 143.8 31
121.9844 144.5 34
123.1406 145.3 32
124.3125 146.3 31
125.4688 147.5 30
126.6406 148.5 29
127.8125 149.8 28
128.9688 150.8 27
130.1250 152.3 29
131.2969 153.5 31
132.4688 155.0 31
133.6250 156.5 29
134.7813 158.0 30
135.9531 160.0 28
137.1250 162.0 29
138.2813 163.5 32
139.4531 166.0 27
140.1094 168.0 27
141.2656 170.3 24
142.4375 172.8 27
143.5938 175.0 29
145.1250 178.0 27
146.0469 180.5 26
147.2188 183.3 26
148.4063 186.3 23
149.5625 189.5 27
150.7344 193.3 28
151.9063 196.3 25
152.3906 200.3 23
153.5000 204.3 22
155.4063 207.8 23
156.5781 212.5 25
157.0625 217.0 28
158.4219 222.3 24
158.5781 227.3 21
160.1875 233.0 22
162.4219 238.3 24
163.5938 244.3 19
162.7031 251.3 23
164.3281 257.8 19
164.7656 265.3 19
165.3750 273.3 19
166.9688 281.5 20
167.8750 291.0 20
168.7500 300.5 18
170.1250 310.5 20
170.8750 320.8 20
171.5469 332.8 18
172.5000 346.0 16
173.6875 358.5 15
174.5313 373.5 13
175.5000 390.0 13
176.5469 407.8 14
177.8125 428.0 14
178.5313 450.5 13
179.5938 473.8 14
180.8281 497.5 27
182.0000 500.0 18
183.0938 495.3 26
184.0781 493.0 22
185.3594 494.5 14
186.4219 499.5 9
187.0625 663.8 10
188.3906 648.3 12
189.5469 646.5 14
190.6094 642.0 15
191.9063 638.5 12
193.0938 632.8 14
194.3594 628.8 15
195.5625 626.0 14
196.5625 624.3 14
197.8750 622.5 15
199.0156 619.5 14
200.0938 619.3 15
201.3438 618.8 14
202.4063 616.5 15
203.7188 618.3 14
204.7969 615.8 14
206.1563 611.0 13
207.1875 616.0 14
208.2969 616.3 15
209.5156 610.0 15
210.8438 612.5 14
212.0156 616.3 14
213.1719 617.0 14
214.2656 618.8 14
215.3906 620.8 15
216.6719 621.8 15
217.7188 624.8 15
218.9688 625.3 14
220.1406 629.0 15
221.3438 599.8 18
222.7813 591.0 30
223.9375 591.0 30
225.4375 822.3 11
226.7188 822.5 10
227.8281 838.0 9
230.1094 849.5 10
231.3438 827.0 9
233.2188 586.3 21
234.6563 572.8 26
235.7656 556.0 24
237.1094 543.0 26
238.2813 529.0 24
239.5781 516.5 25
240.8906 505.5 24
242.0000 494.8 25
243.3750 485.0 29
244.6406 475.3 27
245.8438 465.8 26
247.2656 458.3 29
248.2031 451.3 30
249.4063 443.0 29
250.6406 436.0 28
251.9844 429.0 28
253.0938 422.5 27
254.4219 416.8 27
255.7344 410.5 30
256.7500 405.5 31
258.2969 400.5 31
259.6250 395.8 28
260.7813 391.8 33
261.7344 388.0 28
263.1563 384.0 32
264.5000 380.3 32
265.3750 377.0 32
266.4688 373.5 29
267.9844 371.3 30
269.1406 368.5 32
270.5000 366.0 32
271.7656 364.0 33
272.5469 361.5 37
273.9375 360.0 32
275.2656 357.8 35
276.2344 356.5 35
277.8125 355.3 29
278.7344 354.0 32
280.1875 353.0 33
281.1875 352.0 35
282.4063 351.3 34
283.8125 350.3 34
284.7031 350.3 37
285.8906 350.3 36
286.8438 350.0 35
288.0781 349.8 37
289.0625 350.0 35
290.3750 350.3 36
291.6250 350.5 35
292.7656 351.0 34
294.2031 351.3 37
294.9844 352.5 30
296.0938 353.8 31
297.6250 354.0 32
298.9219 355.8 31
299.8125 356.8 37
300.8438 358.8 33
302.0313 360.3 33
303.2656 362.3 33
304.4219 364.5 34
305.3906 366.8 30
306.8438 369.0 33
307.6719 372.0 29
309.0000 374.0 28
310.0781 377.3 29
310.8906 380.8 31
312.4063 383.8 29
313.4531 387.0 29
314.3750 391.3 30
315.9063 394.8 28
316.7344 399.5 29
317.8906 404.5 29
319.2031 390.3 18
320.2813 378.3 19
321.9219 365.5 19
322.9531 355.3 20
324.4063 344.8 22
325.8594 335.5 22
327.3594 326.5 20
328.2031 318.3 24
330.0156 310.5 23
330.7188 304.0 22
331.9375 296.8 22
333.2344 290.5 24
334.2813 284.3 23
336.2031 278.0 25
336.8750 273.0 24
338.6719 268.0 27
339.9688 263.3 25
340.9375 259.0 24
342.1094 254.3 25
343.5156 250.8 25
344.9844 246.8 24
345.8594 243.3 27
348.9219 240.0 28
349.0938 236.8 27
349.8750 234.0 29
351.7969 231.5 29
353.5938 228.8 28
353.0625 226.8 27
355.2969 224.3 28
357.0938 222.3 30
358.2656 220.3 27
357.9219 218.5 28
0.6563 217.0 33
1.8125 215.3 29
2.9844 214.0 31
4.1563 212.5 34
5.3281 211.5 27
