#RPLIDAR SCAN DATA
#COUNT=300
#Angule	Distance	Quality
3.8281 310.0 12
5.0938 310.0 32
5.7813 311.8 35
7.1563 312.5 33
8.6250 313.3 34
9.4688 314.5 32
10.2969 316.0 32
11.5625 317.3 32
12.8594 318.3 36
14.3281 319.8 29
15.1094 322.0 30
16.6094 323.5 32
17.4219 326.5 30
18.7344 328.5 28
20.0938 331.0 30
21.0000 333.5 27
21.8594 336.8 29
23.0625 339.5 29
24.7500 342.8 28
25.6875 346.3 26
26.7031 349.8 29
28.1875 353.3 27
28.8125 357.8 29
30.3438 362.0 27
31.3594 366.5 24
32.3750 371.0 25
33.6875 376.5 25
34.6875 382.0 25
35.8750 387.5 24
37.1250 393.8 22
38.3594 396.0 25
39.5781 392.3 26
40.7188 382.3 24
41.6875 374.0 22
43.3594 365.8 28
44.6563 358.0 29
45.7969 350.5 29
47.1406 344.0 28
48.7813 337.5 30
49.7813 331.5 29
51.3750 325.8 27
52.2656 320.5 28
53.4375 315.8 28
54.8594 311.0 30
55.8750 306.5 31
57.5469 302.8 32
59.0625 298.8 34
60.0156 295.0 34
60.8750 291.5 33
62.7969 288.3 31
63.8750 285.3 34
65.0625 282.0 33
66.7813 279.3 30
67.0625 277.3 38
68.5000 275.3 33
69.6250 272.8 36
71.1406 270.8 36
73.0313 268.8 32
73.6250 267.5 38
74.7813 265.5 32
76.3125 264.3 34
77.6094 263.3 40
78.8281 262.3 41
80.4063 261.3 32
81.1563 260.5 38
81.8594 260.0 36
83.9219 259.0 37
85.4063 258.8 37
86.3594 258.5 36
87.1250 258.3 35
88.0938 258.3 38
89.6406 258.3 36
90.9844 258.3 37
92.2344 258.8 35
93.2500 259.3 36
94.4219 259.8 39
96.1563 260.3 36
97.6406 260.5 39
98.1094 262.0 41
98.7656 263.0 42
100.7813 264.3 34
101.7656 265.0 35
103.5000 266.3 36
103.4531 268.3 39
104.6563 269.5 32
106.4063 271.5 36
107.5781 273.0 34
108.5938 275.0 34
109.6094 277.5 34
111.0625 279.8 34
111.5781 282.5 32
113.2500 284.8 31
114.3125 288.0 32
115.7344 290.5 33
116.4844 293.8 28
117.5313 297.0 31
118.9688 300.5 30
119.9219 304.0 29
120.5938 307.8 30
121.9531 311.5 29
123.3281 315.8 29
124.3594 319.8 29
125.2656 324.8 30
126.2656 329.8 30
127.8594 334.5 29
128.9844 340.0 29
129.6719 346.0 25
131.2969 351.8 27
132.3594 358.0 27
133.5938 364.5 26
134.5781 371.8 22
135.6094 380.0 22
136.8125 387.5 23
137.7656 395.5 21
138.8438 404.8 25
139.9688 414.0 20
141.0938 424.5 19
142.3438 435.3 21
143.3594 447.8 24
144.2813 458.0 31
145.7656 455.3 24
146.8750 449.5 29
148.2031 444.5 27
149.2656 438.5 25
150.4219 433.5 23
151.6719 428.8 27
152.8906 424.3 26
154.2344 420.5 25
155.5625 416.5 26
156.7969 412.3 28
157.9688 409.3 29
159.3281 406.0 29
160.6563 403.0 29
161.7344 401.5 31
163.0000 398.8 26
164.0469 397.0 27
165.1094 394.8 26
166.3594 393.3 25
167.8750 392.0 24
168.7344 391.0 18
169.9531 394.5 15
171.0313 398.5 16
172.5000 400.0 16
173.6563 400.0 21
174.8438 401.3 23
176.1250 403.0 24
177.1563 403.5 29
178.0781 403.5 29
179.5781 403.3 30
180.8281 404.3 29
181.8750 404.5 29
183.0938 404.3 29
184.2500 405.8 27
185.4375 406.5 29
186.4688 407.5 27
187.7813 409.3 29
189.1094 410.3 26
190.0938 412.0 25
191.3281 413.5 24
192.7031 414.8 24
193.9219 417.5 23
194.8750 420.0 26
196.1875 422.5 23
197.2969 424.8 22
198.3750 428.0 26
199.5469 431.5 24
200.9531 434.8 24
202.1719 437.0 23
203.3750 442.0 22
204.5313 445.0 24
205.5625 448.3 23
206.8125 452.3 24
207.7031 456.5 25
209.1563 456.8 23
210.4375 438.8 23
211.6406 424.3 21
212.9531 410.3 25
214.5313 398.0 23
215.6250 387.0 23
217.0781 376.8 23
218.5156 366.5 24
219.9375 357.0 27
221.0156 349.0 30
222.4375 340.8 26
223.6250 333.3 27
224.8594 326.0 26
226.4844 319.0 29
227.5625 313.3 27
228.6875 307.5 31
229.9375 302.0 30
231.2813 296.8 31
233.1250 291.8 30
234.2188 286.8 32
235.7969 282.3 31
236.7656 278.3 33
237.5938 275.3 32
239.8594 270.8 35
240.2031 267.3 31
241.6406 264.3 31
242.9063 261.0 34
244.0625 258.5 35
245.7969 255.5 34
247.2813 253.0 33
248.1563 250.8 36
249.3438 248.5 38
250.9844 246.5 33
252.4531 244.5 39
252.8125 243.0 35
256.0781 241.5 36
256.3281 240.0 39
257.4219 238.8 40
258.9219 238.0 35
258.8281 237.0 39
262.0000 236.3 36
263.2031 235.3 40
262.7656 234.5 39
265.7188 234.0 40
266.9219 233.5 37
267.1719 233.5 38
269.3438 233.0 43
269.9219 233.0 42
271.6406 233.3 38
272.9531 233.5 40
272.5625 233.5 38
274.0313 234.0 38
275.6719 234.3 37
276.2031 235.0 36
278.3125 235.8 37
278.3438 236.5 32
280.8438 237.0 36
282.6250 238.5 39
283.8281 239.3 38
283.6250 240.8 36
285.6719 242.0 37
286.2969 243.3 35
287.5156 245.0 36
288.1719 246.5 34
288.7344 248.8 34
290.1250 250.8 34
291.4375 252.5 32
292.7813 254.8 31
294.3281 257.3 34
294.7188 260.0 34
296.4063 262.5 38
296.8438 265.0 29
298.2656 268.3 35
299.1406 271.0 33
301.1094 274.8 33
301.5000 278.3 31
302.6250 282.5 30
303.9531 286.0 30
304.8438 290.5 29
305.9844 295.3 32
307.0156 299.8 29
308.6406 304.3 31
309.4844 308.8 27
310.5938 314.0 26
311.6875 319.8 27
312.4844 325.5 28
313.6094 332.0 29
314.7656 338.3 24
316.2188 345.3 25
316.8750 353.0 25
318.1406 360.5 26
319.0781 368.8 25
320.4063 377.8 22
321.7188 382.5 26
323.0469 376.8 26
324.1563 371.0 26
325.0469 366.3 26
326.3750 361.8 30
327.6250 357.3 30
329.1094 353.0 30
330.2656 348.8 30
331.7188 345.0 27
332.7344 341.8 29
334.3906 338.3 27
335.1719 335.5 29
336.6563 332.3 32
337.6563 329.5 32
339.3125 327.3 29
340.5000 325.0 30
341.5313 322.8 34
342.5469 320.8 30
344.2344 319.0 33
344.9219 317.5 32
346.1094 315.8 31
347.3594 314.8 30
348.4844 313.5 32
350.2031 312.5 34
351.1563 311.8 35
352.2188 310.8 35
353.5625 310.0 35
354.9844 309.8 36
355.9844 309.3 39
357.1719 309.0 39
358.5938 309.0 37
359.9063 309.3 40
0.4531 309.5 41
2.1719 309.5 39
