#RPLIDAR SCAN DATA
#COUNT=300
#Angule	Distance	Quality
1.2656 498.5 38
3.6719 499.8 30
4.9844 501.3 36
5.9375 503.3 35
7.2344 504.3 32
8.3750 505.8 33
9.7344 507.5 31
10.6875 509.8 33
12.1250 512.0 32
13.1719 515.3 27
14.3906 518.0 30
15.4688 521.5 31
16.8750 523.8 30
17.8281 528.8 30
18.9219 532.5 30
20.2969 536.8 32
21.2344 540.8 31
22.4688 546.8 24
23.7344 550.0 26
24.9844 532.0 19
26.1250 509.3 20
27.6406 489.8 20
28.7188 471.5 20
30.0313 453.8 22
31.4688 439.3 22
32.9531 423.8 22
34.0000 410.5 24
35.2813 398.0 24
36.8125 387.3 25
38.2656 376.8 24
39.4844 367.0 27
40.5781 358.3 26
41.8594 350.0 29
43.2031 342.3 27
44.8906 335.3 29
46.0156 328.5 28
47.2031 322.0 33
48.5781 316.0 30
49.7031 310.8 29
50.8281 305.5 32
52.3750 300.5 31
53.7969 296.0 28
54.6406 291.5 32
56.2813 287.0 33
57.8906 283.0 31
58.8438 279.0 29
60.1250 276.0 31
61.8125 272.5 38
62.5625 269.5 30
64.3281 266.8 31
65.7500 263.8 31
65.8750 261.5 35
67.9063 259.0 36
68.4531 257.0 35
70.7031 255.0 34
71.9063 253.0 34
72.0781 251.5 39
73.4531 249.8 34
74.6563 248.3 34
75.8906 247.3 38
77.4531 245.8 34
80.3438 245.0 41
79.8750 244.0 37
82.3750 243.3 36
84.3281 242.5 37
84.8594 242.0 35
86.4844 241.8 36
86.5000 241.8 33
88.3281 241.5 36
89.9688 241.3 36
91.1563 241.5 35
90.6406 241.8 38
91.6563 242.3 37
93.7813 242.3 38
95.3906 242.8 34
97.0469 243.5 38
97.3750 244.0 36
98.3906 244.8 32
100.6563 245.5 38
100.1094 246.8 35
102.0625 247.8 40
103.3906 249.0 36
103.6406 250.8 36
105.8750 252.0 29
107.1094 253.8 33
107.6250 255.8 35
108.6719 257.5 33
109.7656 259.5 33
110.5000 262.0 38
111.8750 264.3 32
112.9844 266.8 36
114.8125 269.0 29
115.0781 272.0 34
116.9688 275.0 33
117.2813 278.0 33
118.5938 280.8 31
120.3281 284.3 29
121.2656 288.3 30
122.6094 292.0 30
123.1563 296.0 29
123.9844 300.3 30
125.1250 304.5 29
126.8125 308.0 35
128.0469 301.3 23
129.0469 293.3 19
130.4844 285.3 25
131.7656 278.5 25
133.8281 272.3 26
135.2188 265.8 23
136.8281 260.0 27
136.6719 254.8 23
138.2031 249.3 27
139.4219 245.0 28
141.7969 240.3 28
143.0000 236.3 23
144.3125 232.5 30
146.0156 228.8 27
147.5469 225.3 27
148.7344 222.3 30
150.1719 219.3 28
149.9844 216.5 28
152.3281 213.8 28
153.5156 211.3 32
154.0781 209.0 30
154.9531 207.3 31
156.6094 205.0 29
158.2969 202.5 32
158.4844 201.5 31
160.6875 199.8 31
161.8906 198.8 36
163.0781 197.0 31
164.2813 195.8 32
165.4688 195.0 34
166.5469 193.8 35
167.8125 192.8 36
169.0156 192.0 36
170.1875 191.3 32
171.3906 190.8 31
172.0781 190.3 32
173.7813 189.5 33
174.9688 189.3 29
176.1563 189.0 33
177.3438 189.0 28
178.5469 188.8 29
179.7344 189.0 29
180.9219 189.5 24
182.1250 190.0 19
183.3125 190.8 21
184.5156 191.3 18
185.2813 191.5 19
186.8906 191.5 21
188.0781 192.0 23
189.0313 193.3 21
190.4688 193.8 19
191.7656 194.8 19
192.9375 195.8 16
194.1406 197.3 14
195.3438 199.0 14
195.7031 201.8 14
197.7344 204.5 12
198.9375 206.5 10
199.0000 219.3 12
201.3281 222.0 16
201.8906 224.5 18
203.7188 227.0 17
204.2188 229.3 19
205.6875 232.8 23
206.4688 234.8 22
206.4375 237.8 22
208.5156 240.5 22
208.9375 243.3 25
210.9531 245.8 23
210.9844 249.3 23
212.8125 252.3 21
214.3594 255.5 23
214.8750 259.3 21
215.6406 263.5 19
216.7031 267.5 23
218.8750 271.5 25
218.9844 275.8 21
220.3906 280.5 20
221.4531 285.8 22
223.2344 290.3 21
223.8438 295.5 19
224.8125 301.5 22
226.3281 306.5 20
227.0469 312.3 20
228.0156 318.3 22
229.4844 324.3 18
230.9375 317.5 31
232.0625 312.8 30
233.5938 308.3 33
234.8438 304.0 34
235.9844 299.8 33
237.0000 295.8 34
238.8281 292.0 32
239.2969 288.5 34
240.9531 284.8 33
242.6406 281.5 37
243.1563 278.8 36
244.4531 275.8 34
245.8125 273.3 33
248.0156 270.5 36
248.4531 268.5 38
249.6406 266.3 35
250.6563 264.5 35
252.0781 262.8 39
253.9688 261.3 34
255.3125 259.3 36
256.0156 258.5 35
257.1250 257.0 32
258.4688 256.0 36
259.1563 255.3 34
260.9844 254.0 35
262.2500 253.5 36
263.8594 252.8 35
264.3281 252.5 33
265.5938 252.3 33
267.5469 251.8 40
268.0000 251.8 41
270.2656 251.5 41
270.9844 251.8 42
272.9219 251.8 33
272.8594 252.0 35
274.3125 252.5 34
276.2344 253.0 35
277.7188 253.5 35
278.8750 254.8 31
280.0781 255.5 33
279.8906 256.8 32
280.8906 257.8 35
282.5938 259.0 40
284.1406 260.5 37
285.4531 262.0 38
286.2188 263.5 33
287.8594 265.0 35
288.8906 267.3 40
289.5469 269.3 33
291.3125 271.3 38
291.2500 273.5 33
292.6094 276.3 34
294.0000 278.5 35
295.1406 281.3 37
296.7813 284.3 30
297.2188 287.3 33
298.7031 290.8 34
300.2344 293.8 31
300.5781 298.0 30
301.7344 301.5 32
303.3594 305.0 31
304.4844 309.8 30
305.7188 313.3 29
306.8750 317.8 30
307.4219 323.0 32
308.3750 328.0 28
309.7031 333.8 25
311.1563 338.5 27
311.7656 345.3 28
313.0313 351.3 27
314.1719 358.0 30
315.2813 365.3 25
316.3750 373.0 22
317.7188 380.8 26
318.7656 389.3 24
319.9375 398.3 22
320.6406 407.8 24
321.8906 417.8 19
323.0469 429.8 24
323.9844 442.0 24
325.0781 453.8 23
326.2500 468.0 19
327.3281 482.3 21
328.4375 497.8 23
329.7344 514.3 19
330.7656 533.0 19
331.7031 552.5 26
332.9688 548.0 27
334.2813 544.0 31
335.5313 538.8 28
336.6719 534.3 28
337.9375 530.5 32
339.2031 526.5 29
340.3906 523.8 31
341.6406 519.5 30
342.8438 516.8 31
344.0000 513.3 32
345.0156 511.3 34
346.3438 508.5 31
347.5781 506.5 32
348.6250 505.0 33
349.8750 503.8 31
351.2656 501.5 31
352.3125 500.5 32
353.6719 499.0 33
354.8594 499.3 35
355.9688 498.8 39
357.1719 498.5 37
358.3125 497.8 37
359.5781 497.0 40
0.8906 498.0 40
