#RPLIDAR SCAN DATA
#COUNT=301
#Angule	Distance	Quality
3.4219 312.3 38
4.3281 312.8 34
5.7656 313.5 36
6.2031 314.8 32
7.8594 315.5 33
9.1250 316.5 33
9.7813 317.8 35
11.5469 319.3 38
12.5156 320.5 29
13.9063 322.5 34
14.8906 324.5 30
16.2500 326.5 31
16.9844 329.0 29
18.3906 331.0 29
19.2500 333.5 28
20.5625 336.0 29
21.7188 339.0 28
22.5781 342.3 30
24.2188 345.5 26
24.9063 349.5 31
26.3594 352.5 24
27.5625 357.0 31
28.5469 361.0 30
29.4531 365.3 26
30.7031 370.0 24
32.0781 375.0 25
33.0000 379.8 24
34.2500 382.8 27
35.4531 371.0 24
37.0469 360.3 24
38.1563 350.5 27
39.4219 342.0 26
40.5781 333.8 25
41.8438 325.8 25
43.1563 318.8 30
44.6250 311.8 28
46.3906 305.8 31
47.1563 300.3 32
48.8750 294.5 31
50.3750 289.0 30
50.9063 284.0 31
52.5313 279.3 28
53.6563 275.3 32
54.6875 270.8 32
56.3594 267.0 29
57.6406 263.3 33
58.4531 259.5 31
60.7813 256.3 34
61.6250 253.5 31
62.9063 250.8 36
64.6406 247.8 36
64.7656 245.5 38
68.3438 243.3 35
69.2969 241.3 32
68.6094 239.3 37
70.2969 237.8 31
72.9688 236.0 32
73.0781 234.3 38
75.3594 233.0 39
75.0781 232.0 38
76.2031 230.8 39
77.5781 229.8 37
78.6250 228.8 34
80.5156 228.0 35
81.5469 227.5 36
82.4375 227.0 37
84.0156 226.5 36
85.1094 226.0 32
87.3438 226.0 35
87.1563 226.0 36
89.6094 225.8 35
89.5156 225.8 35
90.4375 226.3 36
92.4219 226.5 32
94.5313 226.8 34
95.7813 227.3 34
95.6563 228.0 35
98.1563 228.8 35
97.5313 229.5 37
98.9531 230.8 37
100.4219 231.8 34
101.7813 232.8 38
102.4375 234.0 34
104.6719 235.5 35
106.4375 236.5 34
106.9375 238.0 32
108.9688 239.8 36
109.5469 241.8 31
109.1719 243.8 34
110.7188 246.0 33
111.8750 248.0 35
113.7813 250.5 35
114.2031 253.3 32
115.7969 255.8 31
116.3750 258.5 31
117.4844 261.5 29
118.5781 264.8 28
119.2500 268.0 32
121.4063 271.3 33
121.8438 275.0 30
122.9844 279.0 26
123.8906 283.0 26
125.7813 287.3 29
126.7031 292.0 31
127.7188 297.0 29
128.3438 301.5 29
130.1250 306.8 29
131.1406 312.0 28
132.1094 318.0 28
132.8906 323.5 26
134.0938 330.3 27
135.4531 336.8 26
136.2500 344.3 25
137.7188 351.3 23
138.4063 359.3 24
139.5313 368.0 24
140.5000 377.3 19
141.5781 387.3 21
143.0781 396.3 21
143.8281 407.0 20
144.9531 419.3 20
146.0156 432.8 20
147.2500 442.3 29
148.3438 436.5 28
149.7969 431.3 28
151.0625 426.8 27
152.2500 422.5 28
153.6094 418.3 26
154.7969 414.0 27
155.7188 411.0 32
157.1563 407.5 28
158.4531 403.8 29
159.4531 401.8 29
160.9531 399.5 30
162.0938 397.5 29
163.3125 395.0 28
164.5938 393.0 28
165.4688 391.8 27
167.0156 390.3 20
168.0781 390.8 17
169.2344 392.8 19
170.4531 394.3 19
171.3594 396.3 16
172.4688 399.8 21
173.7031 400.8 25
174.8125 401.3 28
176.2969 401.0 29
177.2969 400.5 27
178.4688 400.8 29
179.9688 401.5 31
180.9375 402.0 29
182.1406 402.8 29
183.2188 403.5 31
184.4844 404.3 28
185.6250 405.8 28
186.8906 406.5 27
188.0313 408.3 27
189.1250 410.0 28
190.4219 411.3 25
191.5938 413.0 25
192.8594 415.3 26
194.1563 418.3 26
195.2188 420.3 24
196.3438 422.5 23
197.6406 426.0 25
198.8125 429.0 23
199.9063 432.3 24
200.9531 435.8 24
202.2344 439.0 23
203.5781 443.3 23
204.6563 447.5 26
205.9375 451.3 28
207.0781 455.3 21
208.1875 461.3 24
209.2500 465.5 23
210.4531 470.5 22
211.5156 475.0 23
212.9063 457.5 24
214.2969 444.0 23
215.6875 431.8 24
217.0000 419.3 23
218.0156 409.8 28
219.4219 399.5 26
220.8438 389.8 24
221.9375 381.8 28
223.1563 373.5 27
224.5938 365.5 29
225.6250 358.3 27
227.1563 352.0 31
228.2500 345.3 27
229.5000 339.5 30
230.7813 334.3 30
232.1719 328.5 31
233.5156 323.3 34
234.8125 318.8 33
235.9375 314.5 31
237.2188 310.8 34
238.6406 306.3 35
239.8281 303.3 33
241.7656 299.5 34
242.7969 296.5 36
243.6250 293.5 31
244.7656 290.5 35
246.2344 287.8 33
247.5313 285.0 35
248.7500 282.5 34
250.5938 280.3 35
251.0000 278.5 36
252.5000 276.8 37
254.3594 274.5 35
255.5625 273.3 33
255.8750 272.3 40
257.3281 270.8 41
259.3594 269.8 35
260.5938 268.3 43
261.6250 267.8 41
262.6875 267.3 38
263.5625 266.3 39
264.8281 266.0 39
265.7031 265.8 33
267.5000 265.5 34
268.7500 265.3 37
270.4844 265.3 36
271.3438 265.5 36
272.1875 266.0 38
272.7969 266.3 36
274.4219 267.0 38
275.2656 267.5 39
276.5313 268.8 36
278.6563 269.3 31
278.7656 270.5 39
281.1250 271.3 39
281.3750 272.5 41
282.9531 274.3 36
283.7656 276.0 36
285.5469 277.3 38
286.4531 279.0 31
287.1094 281.3 38
288.2344 283.5 32
290.0781 284.8 36
290.6875 287.8 34
292.2813 290.5 36
293.1563 293.3 32
294.1250 296.3 29
295.6094 298.8 33
296.6875 302.3 30
297.9063 305.5 34
299.2813 309.0 32
300.2344 311.8 30
301.2500 315.8 28
302.4063 320.5 31
303.0938 325.0 30
304.4688 329.5 31
305.4844 334.3 27
306.7188 338.8 27
307.8125 344.8 29
308.9844 350.3 30
309.8594 356.5 24
311.2813 362.5 28
312.0156 369.8 25
313.3438 376.3 25
314.5625 384.5 25
315.4219 392.3 26
316.5156 400.5 26
317.7031 400.3 24
319.2500 394.3 23
320.5469 388.0 25
321.8438 382.8 25
322.7500 376.8 26
324.2969 371.0 25
325.1719 366.3 26
326.3750 361.8 29
327.8906 357.0 32
328.8750 353.0 26
330.0938 349.3 32
331.4688 345.8 27
332.6406 342.5 29
333.9688 339.0 28
335.4219 335.8 33
336.5625 333.0 30
338.0781 331.0 29
339.1250 328.0 29
340.0781 326.0 29
341.3438 324.0 30
343.0156 321.8 30
344.2813 320.3 29
344.9219 318.8 32
346.6563 317.0 31
347.7344 315.8 30
348.9844 314.8 29
349.6094 314.0 34
350.9063 313.3 35
352.1250 312.8 35
353.9219 312.0 36
354.6563 311.8 38
356.1250 279.3 9
357.1719 317.3 9
358.4844 310.8 38
359.7344 311.3 37
0.4531 311.5 38
1.9531 311.8 37
