#RPLIDAR SCAN DATA
#COUNT=301
#Angule	Distance	Quality
2.7813 314.5 32
4.1094 315.0 32
5.1250 316.0 35
6.3594 316.8 33
7.8125 317.8 36
8.5000 319.8 29
9.8594 321.0 33
10.8750 323.0 35
12.1563 324.8 30
13.1563 326.5 30
14.3750 328.5 29
15.7656 331.0 31
16.9844 333.5 28
18.2813 336.0 31
19.5469 338.5 29
20.0938 341.8 30
21.8281 344.8 28
22.8438 348.3 29
24.0469 351.8 29
25.1250 355.8 27
26.2344 359.3 26
27.0938 363.8 29
28.3125 370.8 23
30.0156 352.5 19
31.2344 341.3 24
32.3906 330.3 24
33.5000 320.3 25
35.2500 311.0 26
36.6094 303.0 27
38.0781 294.5 27
39.2656 287.0 27
40.7969 280.3 27
42.3438 273.0 25
42.9688 267.0 27
45.0625 260.8 28
45.9688 256.0 27
47.8438 250.3 33
48.3281 245.8 32
51.4063 241.5 29
50.6094 237.3 31
52.2188 234.0 32
53.4688 229.8 32
56.2031 226.5 30
57.6406 223.3 33
57.2500 220.5 30
58.7500 217.5 30
60.9844 215.0 32
61.6719 212.5 35
62.3750 210.5 39
64.5625 208.0 34
65.7656 205.8 36
66.9531 204.3 36
68.1563 202.5 38
69.3594 201.0 36
70.5469 200.0 34
71.8750 198.5 38
73.0781 197.3 35
74.2813 196.3 36
75.4844 195.5 37
76.6719 194.8 37
77.8906 193.8 39
79.0938 193.0 38
80.2969 192.8 39
81.1563 192.3 40
82.6875 192.0 39
83.9063 191.5 39
85.0938 191.5 36
85.8906 191.5 34
87.5000 191.5 35
88.7031 191.5 34
89.9063 191.5 36
91.1094 192.0 39
92.3125 192.3 32
93.5156 192.8 38
94.7031 193.3 35
95.9375 194.0 35
97.1250 194.5 37
98.3438 195.3 34
99.5313 196.3 34
100.7500 197.5 32
101.9531 198.5 37
103.1406 199.3 34
104.3438 200.5 36
105.5625 202.0 32
106.4219 203.8 35
107.9531 205.0 31
109.1563 207.0 33
109.7344 208.8 30
110.7344 210.8 34
111.4844 212.5 36
113.0156 215.0 34
115.1719 217.0 38
116.3750 219.3 31
116.7031 222.0 32
117.1719 224.5 33
118.2813 227.5 30
120.9844 230.3 27
122.1719 233.5 30
122.2188 237.0 28
122.4531 240.3 30
125.7500 243.8 29
125.9375 247.8 28
126.3750 252.0 26
127.0000 256.5 27
129.2188 261.0 28
129.5000 265.8 26
130.3438 270.8 28
131.4688 276.3 24
132.8750 282.0 24
134.1094 287.5 26
134.9531 293.8 23
136.3906 300.8 25
137.1719 308.0 24
138.1406 314.5 22
139.3125 322.3 23
139.9844 330.8 21
141.7344 339.3 21
142.4844 349.0 24
143.4063 358.5 20
144.6250 368.8 20
145.8281 380.0 19
146.7500 391.8 20
147.8438 405.0 20
149.0625 417.5 18
149.9531 422.0 27
151.3594 418.3 27
152.4688 414.3 27
153.9219 410.8 31
154.9375 407.3 29
156.2656 403.8 29
157.5625 401.8 31
158.6094 399.0 27
159.7969 396.8 30
161.0156 394.8 23
162.2344 393.3 23
163.7656 391.3 21
164.6250 389.5 20
166.0000 389.5 18
167.1719 389.5 17
168.4688 391.3 20
169.3906 394.5 19
170.4219 399.0 23
171.9219 398.8 23
173.1250 399.5 27
174.1406 399.3 27
175.2188 399.5 29
176.5625 399.5 27
177.7188 399.5 27
178.9219 399.8 28
180.1250 400.5 29
181.0938 401.0 29
182.5625 401.8 28
183.4219 403.5 29
184.6719 404.3 28
186.0469 405.5 26
187.0000 407.5 27
188.4063 409.3 28
189.8750 410.5 28
190.9844 411.8 23
192.0781 414.5 25
193.1406 417.8 27
194.5156 420.0 23
195.5469 423.3 23
196.5469 426.3 26
198.0938 429.3 24
199.2031 432.5 24
200.1094 436.8 24
201.3438 440.5 22
202.7344 444.3 23
203.7969 449.8 25
205.1094 452.8 25
206.0469 457.3 26
207.1406 463.0 24
208.5781 467.0 22
209.6406 472.5 21
210.6250 478.3 21
212.0156 484.3 23
213.1250 489.5 21
214.2813 480.0 23
215.5156 468.3 25
216.9531 456.0 26
218.2969 445.8 28
219.5469 436.3 27
220.7031 426.3 28
221.8594 417.8 27
223.1406 408.8 26
224.6094 400.3 30
225.6406 393.3 28
227.0313 386.3 26
228.2031 380.0 31
229.6719 373.3 27
230.7656 367.8 32
232.2031 362.3 32
233.5000 357.0 34
234.5313 352.3 31
235.8281 347.8 33
237.2031 343.8 33
238.6406 339.8 33
239.8281 336.3 35
240.9688 332.5 34
242.3750 329.3 31
243.9063 326.3 30
244.6406 323.0 36
245.9375 320.5 33
247.1875 317.8 40
248.9063 315.5 32
250.2656 313.5 35
251.0625 311.8 33
252.4531 309.8 36
253.3438 308.5 37
255.0000 306.8 38
255.9531 305.5 41
257.3281 304.0 36
258.7500 303.3 37
260.2031 302.3 36
260.8438 301.8 38
262.4375 300.8 41
263.7656 300.3 36
265.0313 300.3 38
266.1094 300.0 37
266.9219 299.5 36
267.9063 300.0 38
269.5469 300.0 38
270.6250 300.5 36
271.5469 301.0 40
272.6719 301.5 42
274.5156 302.3 38
275.5313 303.0 36
276.9219 304.0 37
277.9219 305.0 38
278.6719 306.3 37
280.2500 307.5 34
281.1250 309.3 35
282.2500 311.0 36
283.6563 312.5 34
284.9219 314.5 34
286.1094 316.8 31
287.0625 318.5 38
288.6094 321.0 33
289.2500 323.8 33
290.3438 326.5 30
292.0156 329.5 34
293.0000 333.0 32
294.3281 336.5 32
295.1875 339.5 30
296.1719 343.3 31
297.4531 347.3 33
298.7188 351.3 33
299.8281 356.0 30
300.8750 360.5 33
301.9063 365.5 30
303.0938 370.8 27
304.5000 375.8 26
305.5156 382.0 28
306.8125 388.3 27
307.7813 394.8 25
308.9375 400.8 28
310.1250 408.8 25
311.2813 416.8 25
312.2813 421.0 26
313.3906 422.8 23
314.5469 413.8 23
315.7344 406.5 26
317.1719 399.8 24
318.3750 392.5 25
319.5781 387.0 27
321.2031 380.8 25
322.0469 375.8 25
323.4844 370.8 25
324.9531 365.3 27
326.2188 360.8 30
327.2031 356.8 30
328.3750 352.8 25
329.7188 348.8 33
331.1250 345.8 27
331.9219 342.5 28
333.1875 339.3 30
334.7969 336.0 29
335.9063 333.0 29
337.0000 331.5 29
338.1563 328.5 29
339.6406 326.8 30
340.6250 324.3 29
342.0781 323.0 34
343.4844 320.8 30
344.3438 319.8 29
345.9219 318.0 33
346.7500 317.0 31
348.3125 289.5 9
349.1406 312.5 16
350.4531 314.0 34
351.7969 313.5 33
352.5313 313.3 36
354.0938 312.8 37
355.3594 312.8 35
356.6875 312.5 38
357.4063 312.8 39
358.8906 312.8 40
0.3594 313.0 40
1.5156 313.5 34
2.7969 314.3 33
