#RPLIDAR SCAN DATA
#COUNT=300
#Angule	Distance	Quality
2.2031 361.3 39
3.0625 363.5 31
4.2969 365.5 31
5.4531 367.5 31
6.8438 370.3 28
7.8438 373.0 29
8.8125 376.3 27
10.0156 379.3 27
11.3594 382.5 29
12.4531 386.0 25
13.7969 389.0 26
15.0313 390.5 28
16.2188 380.5 22
17.4375 364.8 21
18.7656 350.8 24
19.9844 338.5 22
21.6094 326.8 23
22.9531 316.3 24
23.8750 306.5 26
26.0313 297.8 25
26.5469 288.8 27
28.9063 280.3 22
30.0938 273.0 25
30.4688 266.0 26
32.2344 259.8 29
33.3125 253.5 27
34.8750 247.5 29
37.0156 242.3 31
39.0000 237.5 28
40.3125 233.3 29
41.5000 228.8 29
41.4375 224.8 30
42.9219 221.3 31
45.0781 217.5 28
46.2656 214.0 33
47.4531 211.0 33
48.7031 208.5 33
49.9063 205.3 34
51.0938 203.3 32
52.2969 200.8 34
53.4844 198.5 36
54.6719 196.3 35
55.8750 194.8 36
56.3750 193.0 37
58.2500 191.3 31
59.4531 189.8 36
60.6406 188.3 33
61.8438 186.8 28
63.0313 185.8 33
64.2188 184.5 36
65.4063 183.8 38
66.6094 183.0 34
67.7969 182.3 32
69.0000 181.5 31
70.1875 180.8 34
71.3750 180.5 34
72.7031 180.3 39
73.9063 180.3 39
75.0938 179.8 40
76.5469 179.8 39
77.5000 179.5 37
78.7031 179.8 38
79.9063 179.8 38
80.9688 180.3 39
82.2969 180.3 32
83.4844 180.8 35
84.6875 181.5 33
85.8906 181.8 30
87.0938 182.3 33
88.2969 183.3 38
89.4844 183.8 37
90.6875 184.8 35
91.8750 185.8 33
93.0781 186.8 30
94.2813 188.0 33
95.4688 189.0 34
96.7031 190.5 35
97.9063 192.0 34
99.1094 193.5 34
100.2969 195.0 33
101.5000 196.8 35
102.9531 198.8 35
103.5625 200.8 32
105.1094 202.8 35
106.1719 204.8 34
106.7500 206.8 31
108.6875 209.5 30
108.7188 212.0 32
111.0938 214.5 30
112.2969 217.5 25
113.5000 220.3 25
113.8594 224.0 30
115.3281 227.3 27
115.1719 231.0 30
118.2969 235.0 28
119.5000 238.3 30
119.7500 242.8 25
120.3125 246.5 26
120.9688 251.8 30
121.8750 256.5 28
123.8750 261.5 24
124.6094 266.5 25
125.7500 272.5 27
126.7500 279.0 23
126.9844 285.0 24
128.2500 292.3 25
129.5313 299.5 24
130.3438 306.5 24
132.0469 313.8 22
133.0156 322.3 21
133.6406 331.3 21
135.0000 340.5 21
136.1563 350.0 22
137.0000 361.0 19
137.8125 373.3 17
139.3594 379.0 23
140.5156 383.8 30
141.6875 380.5 28
142.8906 376.3 29
144.1094 373.3 27
145.2969 370.3 27
146.4844 367.0 28
147.4688 364.5 32
149.0469 362.0 32
150.4531 358.5 29
151.2500 357.0 34
152.4375 355.5 30
154.0000 353.5 31
154.8281 352.3 30
156.4531 351.0 35
157.1875 349.8 33
158.8906 348.3 34
160.0781 347.3 31
161.0156 346.5 27
162.0156 346.0 29
163.5781 346.8 19
164.4531 346.3 19
165.7813 349.8 23
166.5938 352.3 18
168.2656 355.5 18
169.2813 358.5 21
170.0625 361.3 27
171.5469 362.5 26
172.4063 364.0 28
174.0625 364.5 28
175.0000 366.5 25
175.9375 367.0 27
177.2813 368.3 26
178.3906 370.0 25
179.6719 372.0 25
180.7500 373.0 24
182.0938 376.0 25
183.3594 377.0 24
184.2969 378.8 25
185.4688 382.3 23
186.7656 384.3 27
188.2344 386.3 26
188.9531 390.0 23
190.1406 392.8 24
191.4844 395.3 23
192.7031 399.8 25
193.8906 403.3 25
194.8594 406.8 24
196.1563 411.5 23
197.4063 415.8 22
198.4375 419.8 19
199.7813 425.0 20
200.6094 431.3 24
201.9219 436.3 21
203.0313 442.5 25
204.0625 447.3 22
205.5469 453.5 23
206.3438 460.3 21
207.5938 466.5 20
208.7813 463.0 26
210.1563 453.0 28
211.4375 443.8 27
212.6563 434.5 27
213.9531 425.0 25
215.1719 416.3 27
216.6250 408.8 30
217.8750 401.8 30
218.9219 394.8 26
220.5156 388.5 30
221.4063 383.3 28
222.8906 377.5 29
223.9375 371.8 29
225.4531 366.5 29
226.7344 361.8 36
227.6094 357.5 35
229.2188 353.5 32
230.5156 349.3 35
231.8750 345.5 32
232.9531 342.0 34
233.7656 339.3 33
235.1563 336.3 34
237.0156 333.3 32
237.8750 330.8 36
239.3438 328.5 34
240.4844 326.8 36
241.8906 323.8 35
242.6406 322.0 35
243.9063 320.3 36
245.1875 319.3 38
246.9375 317.0 32
248.0938 315.5 34
249.1094 315.0 35
250.5313 314.0 32
251.7344 313.5 41
252.5625 312.5 35
253.6563 311.8 33
255.2031 311.3 38
256.5156 310.8 37
257.5469 310.8 38
259.0625 310.8 38
260.3125 310.8 38
261.2813 311.3 37
262.3438 311.5 38
263.4688 312.3 36
265.0625 313.3 38
265.6875 314.0 35
267.4375 314.5 35
268.2656 316.3 37
269.3750 317.3 36
270.4531 318.5 40
272.0156 319.8 34
272.7813 321.8 38
274.1406 323.3 35
275.6406 325.5 33
276.7344 327.3 31
277.6406 329.8 36
278.6406 332.5 34
280.0625 334.8 35
281.5469 337.8 33
282.0938 340.8 34
283.2500 344.3 32
284.7969 347.0 33
285.9844 350.5 34
286.9688 354.8 30
288.0781 358.0 32
289.4063 362.5 32
290.5781 367.0 32
291.4063 371.8 28
292.7344 377.0 29
293.7500 382.0 29
294.8750 388.0 30
296.1875 394.0 25
297.1563 400.0 27
298.4688 406.3 29
299.7031 412.8 27
300.6406 420.5 24
301.7344 429.0 24
302.9688 437.0 25
304.0156 446.0 27
305.1875 455.8 23
306.5156 459.8 26
307.3594 452.5 26
308.7500 444.8 25
309.9219 437.8 22
311.3750 431.3 27
312.6563 424.0 23
313.4844 418.5 26
314.8750 412.5 27
316.2500 406.8 27
317.4688 402.3 29
318.8125 397.8 27
319.8438 393.3 29
321.2188 389.0 28
322.2344 385.0 28
323.5156 381.8 28
324.9688 378.3 27
326.0000 374.8 27
327.2813 372.3 28
328.6563 369.8 27
329.7188 366.5 27
330.7344 364.8 31
331.9063 362.8 31
333.4531 360.5 35
334.3594 359.0 32
335.9688 357.3 34
337.2656 355.5 32
338.0781 357.5 21
340.6406 352.3 28
341.6563 351.8 35
343.1094 351.3 37
344.2188 351.3 37
345.1563 350.5 41
346.6563 350.3 39
347.7500 349.5 42
348.7813 350.0 41
350.3594 350.3 41
351.5625 351.0 39
352.6094 351.5 37
353.4219 352.0 39
355.1563 352.8 34
356.0938 353.5 34
357.0313 355.0 31
358.2813 356.5 30
359.4688 358.0 34
0.6094 359.5 31
