#RPLIDAR SCAN DATA
#COUNT=300
#Angule	Distance	Quality
1.4063 424.0 28
2.8906 427.3 29
3.6875 431.5 29
4.9063 435.3 27
6.1563 439.0 26
7.3281 443.5 27
8.6875 434.8 21
9.9844 415.3 19
11.4063 399.3 21
12.5000 384.3 22
14.0625 370.8 20
15.3750 358.3 25
16.9219 347.5 25
18.0156 336.8 24
19.3125 326.8 24
20.6875 317.8 26
21.6719 309.5 26
23.0625 301.8 26
24.5625 294.0 26
25.8125 287.5 26
27.3438 280.3 28
29.0156 273.8 27
30.0313 268.0 33
30.7656 263.0 33
33.1719 258.0 32
33.6719 253.3 30
36.0313 248.5 30
36.1406 244.8 32
38.1719 241.0 29
38.4844 237.3 31
40.4531 234.0 33
41.2031 230.5 31
42.9688 227.5 32
43.5313 225.0 30
46.3906 222.3 34
47.5781 219.8 33
47.5781 217.5 39
50.1250 215.5 38
51.3281 213.3 33
52.5156 211.5 31
53.3750 210.0 38
54.9063 208.8 32
56.1094 207.0 35
56.2031 205.8 39
58.5156 204.8 34
59.7031 203.8 39
60.9063 203.0 37
62.1094 202.0 37
62.7344 201.3 34
64.5000 200.5 38
65.6875 200.0 39
66.8906 199.5 38
68.0938 199.3 34
68.3750 199.3 35
70.4844 199.0 38
71.0625 199.0 39
72.9375 199.0 39
74.1406 199.0 39
75.3438 199.3 37
76.5469 199.5 35
77.7500 200.0 38
78.9531 200.5 38
80.1563 200.8 38
81.3438 201.5 36
82.5469 202.3 36
83.7500 203.5 40
84.9531 204.3 35
85.8125 205.3 32
87.3594 206.5 33
87.4219 208.0 33
89.7500 209.0 32
90.9531 210.5 33
91.0469 212.0 37
93.3594 213.8 31
94.3125 215.8 33
95.2969 217.5 29
96.7500 219.5 33
97.7969 222.0 35
99.4063 224.0 34
100.6094 226.3 32
100.3438 229.3 31
102.0938 232.0 32
103.7188 234.8 31
104.3125 237.5 29
105.0938 240.8 31
105.6250 244.0 29
107.0000 247.3 30
108.8750 251.5 32
109.8750 255.5 28
111.4219 259.3 27
111.6563 263.8 25
113.3125 268.3 30
114.1719 273.3 26
115.2344 278.5 28
116.1250 283.8 26
117.6719 289.5 27
117.9219 295.5 25
119.0156 302.5 27
120.5313 308.0 25
120.9688 314.8 22
122.4375 322.0 24
123.7656 329.8 24
124.2500 338.5 21
125.8594 347.0 23
126.5000 354.3 30
127.8594 351.5 28
128.9531 346.5 25
130.6719 342.3 27
131.8125 338.3 25
133.1875 333.8 26
134.2500 330.8 27
135.2500 327.5 29
136.7656 323.8 30
138.2969 320.8 28
138.8125 318.5 33
140.3594 315.8 28
141.5156 314.0 32
142.9844 311.5 31
143.9531 309.5 32
145.5625 307.8 35
146.6406 306.0 33
147.9063 304.3 32
149.1094 302.8 33
150.6719 301.5 34
151.1406 300.5 32
152.4844 299.8 34
153.5156 299.0 33
154.9531 297.8 35
156.2656 297.0 33
157.7500 296.5 36
158.4844 296.5 36
159.6875 296.3 34
161.1406 296.5 34
162.2188 296.3 29
163.7344 296.8 32
164.8438 297.5 27
165.8594 298.0 25
167.2344 298.5 22
167.9219 299.5 19
169.1875 300.5 17
170.2656 305.8 16
171.6563 311.0 16
172.7031 310.8 17
173.5938 312.8 17
175.1406 315.0 15
176.1563 318.0 17
177.1563 321.3 18
178.4063 326.3 16
179.5156 330.0 19
180.6719 331.8 21
181.7031 335.5 22
182.7500 338.0 22
184.3750 341.3 24
185.2500 344.3 25
186.5781 346.8 23
187.4063 350.3 25
188.5781 354.0 23
189.7656 357.0 27
191.0781 361.0 25
192.2500 365.3 24
193.3750 369.0 24
194.7656 373.3 20
195.6563 378.5 20
197.1250 383.0 24
197.8906 388.5 22
199.0000 393.8 17
200.2031 399.5 20
201.2813 404.5 21
202.6250 410.8 20
203.9688 416.5 19
204.8438 422.3 20
206.1094 409.5 27
207.4688 400.5 29
208.6250 393.0 29
210.1563 385.8 27
211.4219 378.8 26
212.5469 372.8 29
214.1094 366.8 32
215.4063 361.0 32
216.7188 356.0 29
217.6094 351.0 35
218.9375 346.3 27
220.4375 341.8 33
221.2500 337.8 32
222.7969 333.8 29
224.1094 330.0 34
225.1563 326.3 33
226.2031 323.0 36
227.7500 320.0 31
229.0781 316.8 35
230.3906 314.8 30
231.6094 312.0 37
232.8594 309.8 37
234.1094 307.8 37
234.9688 305.8 39
236.4531 304.0 37
237.8750 302.8 37
238.8750 301.0 35
240.1250 299.5 39
241.7031 298.5 33
242.4844 297.5 39
244.4063 296.0 33
244.9375 295.5 38
245.9688 294.8 38
247.8594 294.3 40
248.7344 293.8 35
250.1406 293.5 35
251.1406 293.3 35
252.2813 293.5 35
253.5781 293.8 35
254.5313 294.0 37
256.0156 294.3 37
257.2031 294.3 35
258.3438 295.5 39
259.4688 296.3 33
261.0156 296.5 37
262.3281 298.0 36
263.0625 299.3 36
264.1250 300.5 36
265.2500 302.0 36
266.6563 303.5 34
267.6875 305.0 37
268.7969 306.8 35
270.4688 309.0 36
271.6719 311.0 34
272.2656 313.3 35
274.1250 315.5 31
275.0313 318.0 37
276.4531 320.8 33
277.3750 323.5 34
278.5781 327.0 29
279.7656 330.8 31
280.7656 334.0 30
281.7813 337.8 32
282.8906 341.5 32
283.9844 346.0 28
285.4375 350.3 32
286.5625 355.3 30
287.2813 359.5 29
288.6875 364.8 31
289.7969 370.3 26
290.7813 376.5 25
292.0781 382.5 25
293.2813 389.0 26
294.5781 396.0 27
295.5469 403.0 26
296.6563 411.0 27
297.8438 418.5 23
299.0938 427.5 23
299.8750 438.0 22
301.2500 447.5 25
302.1875 458.8 24
303.3750 469.3 24
304.6250 481.3 24
305.8125 484.5 27
306.9531 478.8 26
308.0781 472.0 24
309.3750 466.5 27
310.5625 460.8 29
311.5938 456.0 27
312.8125 450.8 32
314.3281 445.8 30
315.1875 441.5 31
316.5938 437.0 27
317.8594 433.5 27
318.9531 429.0 30
320.2500 425.0 28
321.6250 421.3 27
322.6406 419.3 27
324.0469 415.3 27
325.2813 413.5 29
326.2969 411.3 31
327.3906 408.8 31
328.7344 406.8 29
329.7969 405.3 31
331.1406 403.0 34
332.4375 402.0 34
333.7344 401.5 33
334.7969 400.5 35
336.0156 399.5 34
338.2656 398.0 29
339.5625 398.0 35
340.7969 397.8 35
342.0469 397.5 36
343.0469 397.8 35
344.3594 398.3 34
345.5938 398.5 33
346.5781 399.5 33
347.8594 400.3 32
349.0000 401.5 36
350.2031 402.3 34
351.5625 403.8 33
352.7656 405.5 34
353.9063 407.5 32
354.8906 408.8 29
356.3125 411.3 29
357.1250 413.8 29
358.3906 416.0 26
359.6875 419.0 28
0.7344 422.0 27
