#RPLIDAR SCAN DATA
#COUNT=301
#Angule	Distance	Quality
2.3281 417.8 33
3.3594 419.3 32
4.7188 421.5 33
5.8750 422.8 29
7.0781 425.3 29
8.0938 427.8 31
9.2813 430.0 31
10.2813 433.0 28
11.5000 435.8 28
12.6719 438.5 27
14.0000 442.3 30
14.9844 446.0 30
16.1875 450.3 30
17.2969 454.0 32
18.7031 458.0 29
19.5938 462.5 28
20.9375 467.5 25
21.8281 472.3 26
23.1094 464.8 22
24.4531 449.3 23
25.9844 432.3 22
27.2969 417.3 21
28.7031 403.8 24
29.9688 392.3 25
30.9844 381.5 24
32.5469 370.3 24
33.6719 361.8 27
35.1406 352.8 27
36.2500 344.5 29
37.4844 336.8 28
39.0625 328.5 27
39.8281 322.8 30
41.3438 316.3 29
42.6250 310.8 28
43.7031 305.3 28
45.7031 299.8 30
47.2188 294.8 32
48.4219 290.0 32
49.1406 285.5 32
50.1563 281.8 36
51.7031 277.3 33
53.1563 273.8 30
54.8906 270.3 35
55.8438 267.0 33
57.2344 264.3 32
57.7031 261.0 33
59.3438 258.8 34
60.2500 256.0 34
62.3594 254.0 35
64.2813 251.3 36
65.3906 249.5 36
66.3594 248.0 34
67.1563 246.0 34
68.0313 244.8 29
69.4375 243.3 37
70.3438 242.0 37
73.4844 241.0 33
73.7969 240.0 39
76.1250 239.0 40
74.9844 238.8 39
77.0938 237.8 34
77.8906 237.3 40
79.8750 236.8 37
80.2344 236.8 39
83.0625 236.3 34
84.2656 236.5 39
84.7813 236.5 35
85.7031 236.8 38
86.5156 236.8 38
87.9844 237.3 36
89.7656 237.5 35
89.9844 238.3 32
91.0156 238.8 38
91.9531 239.5 42
93.0156 240.3 37
94.6094 241.3 33
96.3125 242.5 34
96.6406 243.8 34
97.8438 245.0 38
99.4063 246.5 34
100.2656 248.0 34
102.2188 250.0 36
102.3281 252.0 31
103.7813 253.8 35
105.2969 256.0 33
106.9531 257.8 32
107.0938 260.5 34
109.0156 263.0 33
110.2500 265.8 28
110.4844 268.5 33
111.5625 271.8 33
113.3906 275.0 31
114.1563 278.0 32
115.4063 281.8 34
116.4375 285.3 31
117.7344 289.3 32
118.8906 293.5 27
119.8750 298.0 28
120.5313 302.3 29
121.8594 307.0 31
122.8906 311.3 26
123.9688 317.0 27
125.1094 322.0 27
126.4063 327.5 23
127.4688 334.5 26
128.7188 340.5 28
129.4219 347.5 25
130.9063 354.8 24
131.6250 361.0 25
132.7969 361.5 26
134.3125 356.0 24
135.4375 350.3 28
136.8281 344.8 26
138.3750 339.3 28
139.2500 334.8 27
140.5625 331.0 27
141.6719 326.5 27
143.3281 322.0 29
144.5938 318.5 32
145.3438 315.3 26
146.7188 311.5 29
147.9219 309.3 31
149.0625 305.8 32
151.0625 303.3 30
151.8594 301.0 32
152.8281 298.5 29
154.8594 296.0 27
155.8750 294.0 31
157.0469 292.3 31
157.7813 290.5 32
159.0000 289.0 31
160.7031 287.3 33
161.9063 286.0 33
163.4219 285.0 34
164.6719 284.0 31
164.9063 283.0 31
166.6719 282.3 32
167.5781 281.8 33
169.0313 281.3 28
170.2188 281.0 29
171.5156 280.8 18
173.0469 281.5 21
173.5156 282.3 17
174.7656 286.5 15
175.8438 293.0 16
177.0156 292.3 19
178.7344 292.0 18
179.1563 293.8 18
180.7344 295.8 17
181.6250 300.5 17
182.8906 300.0 19
184.3906 304.0 19
185.1250 304.8 21
186.1719 307.3 24
187.3594 309.0 24
189.0156 311.0 24
190.1719 312.5 26
191.1094 314.5 23
191.9063 316.8 26
193.3906 319.0 27
194.6406 320.8 26
195.7656 323.8 24
197.1406 327.0 25
197.6406 329.5 27
199.4375 332.5 26
200.2188 335.8 27
201.4688 339.3 28
202.3906 342.3 22
203.6406 346.3 21
205.1563 349.8 25
205.7813 354.5 23
207.0938 358.3 23
208.0000 362.5 23
209.2969 367.3 23
210.6719 372.0 20
212.0156 377.3 19
212.7500 382.0 20
214.0000 388.5 20
215.1719 377.3 27
216.4844 368.3 27
217.7344 361.3 29
219.0313 353.5 29
220.4375 346.8 27
221.9063 340.3 30
223.0469 334.3 28
224.6094 328.3 28
225.9844 322.8 35
227.3438 317.5 35
228.5313 313.3 34
229.3750 308.8 33
230.8906 304.3 33
232.1406 300.5 31
233.0313 297.3 34
234.9531 293.0 31
236.2969 289.8 35
237.4844 286.5 34
238.2188 283.8 34
240.2188 280.8 37
241.2344 278.0 34
242.7813 275.3 33
243.6406 272.8 35
244.7813 271.0 38
245.7188 269.0 33
247.7813 267.3 38
248.2969 265.8 34
249.7188 264.3 34
251.1094 262.8 43
252.9219 261.5 36
253.8125 260.5 39
255.4531 259.5 37
255.7813 258.8 38
257.0156 258.0 35
258.2344 257.3 37
260.1250 256.8 37
260.3125 257.0 37
262.6875 256.3 38
262.7344 256.0 39
264.2813 256.3 35
265.8906 256.5 34
266.4688 256.8 37
267.6563 257.0 37
269.3438 257.5 36
270.8594 257.8 36
271.2500 259.0 36
273.5938 259.5 38
273.4531 260.8 40
275.6250 261.5 37
275.9688 262.5 40
276.9375 264.0 33
279.2188 265.0 33
279.5000 266.8 36
281.6719 268.3 40
281.7188 270.5 37
283.1719 272.3 40
284.2656 274.0 32
285.2969 276.8 36
286.3750 278.8 34
287.6563 281.8 38
289.0469 284.3 33
289.6875 287.0 33
291.4844 290.3 36
292.0000 294.0 30
293.2031 296.8 32
295.0469 300.8 33
295.8125 304.3 32
296.9531 308.0 29
298.3594 312.0 31
299.2656 316.0 30
300.0156 320.8 29
301.8281 325.0 29
302.7500 330.5 32
303.7344 335.8 28
304.5938 341.5 30
306.1563 347.8 30
306.9219 354.0 25
307.9219 360.5 31
309.3125 367.0 26
310.5156 374.5 23
311.2656 382.8 24
312.7031 391.0 28
313.3906 400.3 22
314.7656 408.5 23
315.7969 419.3 21
316.7031 430.5 23
318.0781 442.3 25
319.2031 455.3 21
320.0625 469.0 21
321.2500 482.8 32
322.5469 475.0 27
323.6875 470.5 26
324.8906 465.3 28
326.0781 460.8 28
327.2344 455.3 28
328.6719 451.5 31
330.0313 448.0 31
331.0625 443.8 29
332.1875 440.3 28
333.5781 436.5 30
334.7188 434.0 33
336.0469 430.8 33
337.2188 428.5 30
338.2500 425.8 25
339.4531 423.8 26
340.7813 421.5 31
342.0625 420.0 28
343.2656 418.5 31
344.2969 416.8 29
345.5938 416.5 32
347.0156 414.8 33
348.2188 414.0 32
349.2500 413.5 31
350.4844 413.3 33
351.8281 412.0 36
352.9844 412.0 38
354.0000 413.0 37
355.1719 409.3 17
356.2656 412.8 34
357.6094 413.8 36
358.8594 414.8 33
359.8125 415.8 31
1.3906 416.8 32
