#RPLIDAR SCAN DATA
#COUNT=301
#Angule	Distance	Quality
2.4063 435.3 33
3.2813 434.5 33
4.5000 433.0 28
5.6875 431.5 33
7.2656 430.0 34
8.2500 429.3 33
9.4375 428.0 31
10.6719 427.5 37
11.7656 427.0 34
13.0469 426.5 38
14.1250 426.5 36
15.3281 426.8 36
16.7656 426.8 36
17.7813 427.3 38
18.7969 428.3 33
20.1406 429.3 34
21.1563 429.5 31
22.6875 431.0 34
23.5469 432.8 34
24.9375 434.3 34
25.9531 435.3 32
27.3594 437.5 31
28.2656 439.3 31
29.5156 442.0 31
30.7031 444.8 31
31.9219 447.8 32
33.1250 450.3 29
34.2188 453.0 32
35.4219 456.5 29
36.4063 460.3 31
37.5625 464.3 32
39.0313 468.3 29
40.1250 472.8 30
41.2188 477.0 29
42.2500 482.0 26
43.6875 488.0 28
44.7500 493.0 24
46.0156 502.5 26
47.3281 481.3 22
48.5469 466.0 23
49.8438 452.0 26
51.2031 437.5 21
52.5469 424.8 21
53.6719 413.5 23
55.0000 402.5 27
56.3125 392.5 28
57.7500 383.8 27
58.9688 375.3 28
60.0469 367.0 27
61.3125 359.3 28
62.6719 352.3 26
63.8281 346.0 27
65.2344 340.0 31
66.2969 334.0 30
68.0156 328.0 29
69.2344 323.0 31
70.3125 318.5 33
71.4219 314.3 31
73.1875 310.0 34
74.1406 306.0 35
75.4063 302.8 34
77.1250 298.5 37
77.9844 295.5 33
79.1719 292.8 36
80.2344 289.8 33
81.6406 286.8 33
82.7031 284.0 35
84.8281 281.8 34
85.5469 279.3 31
86.3281 277.5 36
88.2656 275.8 35
89.9063 273.8 33
90.8281 272.3 40
91.7656 271.0 37
93.0938 269.5 34
94.8906 268.5 41
95.1875 267.8 41
96.4219 267.0 34
98.5625 266.0 41
99.6875 265.0 35
100.3125 264.8 36
101.7500 264.5 36
102.3125 264.3 35
104.6563 263.8 33
105.2969 264.0 35
106.0000 264.3 32
107.4063 264.3 35
108.8750 265.0 36
110.2188 265.3 37
111.1875 266.0 37
111.9531 267.0 37
113.1250 267.5 40
115.1406 268.3 39
115.2656 269.5 34
116.9375 270.8 37
117.5313 272.0 40
119.1875 273.3 35
120.8594 274.5 35
121.2031 276.8 37
123.0781 278.3 36
124.0469 280.5 31
124.6875 283.0 32
125.6563 284.5 33
126.8438 287.3 33
128.4844 289.8 33
129.1563 292.8 34
130.5625 295.5 34
131.5000 298.5 29
132.5313 302.0 30
134.1250 304.5 33
134.8438 308.5 32
135.8906 311.8 31
137.2969 315.5 27
138.5938 319.5 28
139.2500 324.3 31
140.7031 328.5 26
142.0469 333.3 26
143.0156 338.3 26
144.0000 343.5 28
145.1563 349.3 31
146.2813 354.5 26
147.7188 361.3 26
148.7500 367.0 26
149.8438 372.3 23
151.1250 363.0 25
152.4219 356.8 28
153.4375 350.0 28
154.5938 344.0 27
156.0938 338.3 22
157.4219 333.3 25
158.7188 327.5 29
160.1406 322.8 29
161.5469 318.3 28
162.4219 314.5 26
164.0469 310.0 29
164.7656 306.3 28
166.2969 303.0 28
167.5156 299.8 30
168.2344 296.5 31
169.5781 293.3 27
171.5156 290.5 30
172.3906 288.3 27
173.5625 285.8 25
174.7969 283.5 22
175.7031 282.3 21
177.5313 280.0 20
178.4844 279.0 16
179.3594 278.5 16
180.7500 282.5 17
181.7500 283.0 16
183.5469 286.5 19
184.4375 286.0 19
185.3438 286.0 21
186.5000 284.5 20
187.7813 285.0 24
189.0000 286.5 26
190.4219 286.3 29
191.0781 286.5 30
192.7969 285.5 31
193.8438 285.8 31
194.6719 286.0 29
196.3750 285.8 32
197.2969 286.3 30
198.3281 287.0 29
199.9219 287.3 30
201.2656 288.0 28
202.6563 288.8 29
203.5313 289.3 30
204.3438 290.8 29
205.7656 291.5 29
206.7656 292.8 29
207.7500 294.8 28
209.6406 296.0 24
210.1406 297.3 26
211.9219 299.0 29
212.4375 300.8 25
213.6094 302.8 26
214.6875 305.3 27
216.5469 306.8 27
217.0625 309.8 26
218.5625 312.3 26
219.6250 314.5 22
220.7188 317.3 24
222.0938 320.0 23
223.0938 323.5 24
224.0156 326.5 22
225.2813 330.3 24
226.4063 334.3 23
227.5781 337.5 23
228.5781 341.5 23
229.9531 346.0 22
230.9844 350.8 22
232.3281 354.5 21
233.4688 359.8 22
234.7344 352.3 23
235.9531 344.3 28
237.6094 336.5 28
238.7344 328.8 26
239.9844 321.5 29
241.0938 315.5 28
242.5313 308.8 30
243.8750 303.3 27
245.3750 297.8 31
246.5000 292.8 31
248.2344 287.8 30
249.7813 282.8 28
250.1719 278.5 34
252.3438 274.3 31
253.0625 270.5 35
255.2344 266.5 34
255.8125 263.3 33
257.0313 260.3 34
259.2656 257.0 32
259.4531 254.0 33
261.0625 251.5 38
262.7500 248.8 34
263.1563 246.5 32
266.2188 244.5 30
265.4219 242.5 36
266.9688 240.8 36
268.5156 239.3 39
269.4219 237.8 35
272.1094 236.0 33
272.1250 235.0 36
274.6406 233.5 37
274.1406 232.8 42
276.4844 232.0 37
277.8281 231.0 40
279.4531 230.5 41
280.6563 229.8 36
280.1719 229.8 37
281.6563 228.8 37
282.4063 229.0 37
285.3438 228.5 38
284.9219 228.8 39
286.4063 228.8 37
287.9688 228.8 37
290.2031 229.0 37
290.5625 229.5 37
292.6094 229.8 36
292.7656 230.3 35
295.0000 231.0 41
294.8750 232.0 38
295.4688 232.8 42
296.5781 234.3 40
297.8906 234.8 37
300.1563 236.0 34
301.8594 237.0 38
303.2656 238.8 39
303.0625 240.3 36
304.6094 241.8 31
305.9219 243.5 34
306.8125 245.5 36
307.2500 247.3 37
309.0781 249.5 37
310.7813 252.0 31
311.2969 254.5 31
312.8906 256.8 35
312.8281 260.0 36
314.1094 263.0 33
315.3125 266.0 33
317.0781 269.5 31
317.2969 272.8 34
318.8125 276.3 31
319.4531 280.3 30
321.1094 284.3 29
322.2500 289.0 32
322.8594 293.5 26
324.6563 298.0 26
325.6250 303.0 25
326.2031 307.5 28
327.8594 312.8 29
328.3594 318.8 28
329.9531 324.8 26
330.5625 331.0 28
331.7188 338.0 24
332.8438 345.5 24
333.9531 352.3 22
335.4375 359.5 22
336.0781 368.8 22
337.5469 377.8 22
338.6406 387.5 23
339.3906 397.8 22
340.9063 408.3 20
341.8281 420.3 19
342.7344 433.5 19
343.8438 448.0 22
345.0000 462.3 22
346.1094 471.8 23
347.4531 475.3 30
348.5313 471.8 26
349.6719 467.5 27
350.8281 464.3 30
352.2344 459.3 30
353.3281 455.5 28
354.7656 452.5 30
355.9844 448.8 29
357.1719 446.0 33
358.2656 443.8 30
359.4375 441.3 33
0.6875 438.5 27
