#RPLIDAR SCAN DATA
#COUNT=298
#Angule	Distance	Quality
2.1875 454.5 27
3.3750 451.5 33
4.5000 448.3 31
5.8594 445.5 29
7.1094 443.0 34
8.1563 440.3 29
9.2969 437.3 32
10.5781 434.8 31
11.8281 432.3 30
13.2969 430.8 33
14.4375 428.5 32
15.6563 427.5 31
16.7656 425.8 31
18.1406 424.5 30
19.2031 424.0 32
20.4063 422.8 31
21.5000 422.5 33
22.7969 422.0 35
23.9688 421.5 37
25.2188 421.5 36
26.2031 422.0 39
27.6563 422.3 37
28.7500 422.5 36
30.0000 423.8 33
30.9375 424.5 31
32.2031 426.3 33
33.3438 427.5 32
34.6406 428.8 32
35.5938 430.0 32
36.9688 432.5 32
40.2656 438.8 27
41.5313 441.3 34
42.7031 444.5 29
43.9844 447.5 32
45.1563 450.5 30
46.3750 454.0 33
47.5469 457.3 31
48.6875 461.0 30
50.0625 465.8 27
51.0156 470.0 27
52.4219 475.0 27
53.5000 480.0 28
54.4375 485.3 31
55.8281 490.8 24
56.8281 497.5 27
57.9375 503.8 26
59.2969 510.0 28
60.2969 521.8 31
61.5938 502.0 23
62.8438 488.8 24
64.3906 476.3 25
65.6094 463.5 24
66.6406 452.0 27
68.2031 442.3 26
69.2344 432.5 25
70.5938 422.3 26
71.7500 413.3 24
73.3750 405.0 29
74.3438 397.8 27
75.6563 391.3 30
77.1719 384.3 27
78.3125 378.3 29
79.5781 372.5 29
80.7500 367.0 32
81.7969 362.0 33
83.5156 356.8 32
84.4063 352.3 30
85.9375 348.3 33
86.9531 344.5 34
88.4844 340.8 32
89.3750 337.5 35
91.1094 333.8 31
92.1094 331.5 34
93.2188 328.3 33
94.7031 325.8 31
95.7500 323.3 36
97.1250 321.0 32
98.3281 319.0 38
99.6406 316.8 33
100.4844 315.3 32
101.8125 314.0 35
103.4688 312.5 37
104.7031 311.3 35
105.4844 310.5 38
106.6875 309.5 36
108.3281 308.5 36
109.0938 308.0 37
110.9375 307.0 38
111.9844 306.5 41
113.0781 306.8 40
113.8906 306.5 37
115.3594 306.3 40
117.0469 305.8 42
117.2813 306.5 40
118.7031 307.3 39
119.8438 307.5 36
121.0313 308.3 37
122.6250 309.0 36
123.2031 310.0 38
124.4531 310.8 34
125.9219 312.0 34
126.6406 313.5 36
128.1406 314.8 33
129.1406 316.3 34
130.6094 317.8 39
131.3125 320.0 32
132.7500 321.8 33
133.7656 324.3 32
134.9375 326.8 30
136.4063 328.8 30
137.6719 331.8 32
138.6250 334.8 33
139.8906 337.3 33
141.1094 340.0 33
142.3906 344.0 36
143.0625 347.5 35
144.6406 351.3 33
145.4531 355.5 30
146.4844 359.0 28
147.8281 364.0 30
149.1094 368.5 29
150.3594 373.0 26
151.2188 378.8 26
152.4063 384.5 29
153.5625 389.8 26
154.4688 396.3 26
155.7813 396.0 26
156.8281 398.3 23
158.3594 389.8 22
159.7656 381.8 24
161.1250 372.8 22
162.1719 366.3 22
163.5938 359.0 26
164.3281 353.0 25
165.7969 346.5 22
166.9844 341.5 25
168.1875 336.0 27
169.6719 330.8 27
171.1094 326.0 21
172.4688 321.3 24
173.2031 317.5 22
174.3281 313.8 23
176.1094 311.8 19
177.2969 308.3 17
178.6094 307.3 16
179.7500 306.0 17
180.7031 306.8 18
181.7500 307.3 18
183.0156 308.8 20
184.3438 306.5 21
185.9375 305.3 21
186.3750 304.5 24
188.0000 302.8 24
189.4844 301.3 25
190.6875 299.5 28
191.6094 298.3 26
193.1094 297.5 27
194.2188 295.8 30
195.5938 295.0 30
196.2813 293.8 26
197.4219 293.3 26
198.7344 292.5 31
200.1875 292.0 28
201.4063 291.5 31
203.0156 291.0 29
204.0156 291.0 29
204.6094 291.0 29
206.7188 291.0 29
207.3281 291.0 31
208.9531 291.0 30
209.7656 291.8 29
210.5625 292.5 29
212.4844 292.8 30
213.0469 294.0 27
215.0625 294.0 30
215.4531 295.5 28
217.0313 296.5 28
217.9375 298.3 26
219.6563 299.3 26
220.2656 301.5 26
222.1406 302.3 26
222.5000 304.5 27
224.0000 306.3 27
225.0625 308.0 27
226.2500 310.0 26
227.3750 312.5 27
228.8281 314.8 26
229.8906 317.3 23
231.2344 320.0 19
231.9063 322.8 25
233.2813 326.3 22
234.4219 329.0 25
235.4063 332.3 26
237.1094 336.3 27
237.8750 339.8 24
239.5781 331.5 26
240.5625 321.5 25
241.7188 312.0 27
243.3125 303.3 26
244.5469 295.0 26
245.9688 287.0 27
247.1563 279.8 27
249.3438 272.8 27
250.2344 266.3 29
251.2344 260.5 31
252.7656 255.0 26
253.7656 249.3 30
257.2188 244.3 27
258.1719 239.3 36
257.7969 236.0 28
259.4063 231.5 34
261.7969 227.8 30
263.2500 224.3 34
263.5000 221.0 29
265.7031 217.5 31
267.1563 215.0 36
268.1250 211.8 37
269.3281 209.3 34
270.5469 206.8 35
270.9063 205.0 33
272.0469 202.8 38
274.1563 200.8 36
275.3594 199.0 36
276.5781 197.3 35
277.7813 196.0 31
278.2969 194.8 38
279.8750 193.3 38
281.4063 192.0 40
282.6094 191.0 36
283.8125 190.0 35
285.0313 189.3 36
286.2344 188.3 33
287.4375 188.0 35
288.5156 187.0 36
289.7188 186.8 31
290.9063 186.3 36
292.1250 186.0 35
293.3125 185.8 35
294.5156 185.8 37
295.7188 185.5 35
296.9219 185.8 38
298.1250 185.8 36
299.3281 186.0 33
300.5156 186.3 33
301.7344 186.5 31
302.4219 187.3 36
304.1250 187.8 37
305.3281 188.5 32
306.5313 189.0 35
307.7188 190.0 37
308.9219 190.8 38
310.1250 191.8 38
311.3281 192.8 38
312.3750 194.3 34
313.5625 195.3 34
314.3438 196.5 34
315.0469 198.0 36
317.1406 199.8 34
317.6563 201.3 31
318.5313 203.3 31
320.7188 204.8 33
321.9219 206.5 32
323.1094 208.8 31
324.3125 211.0 35
324.4688 213.5 30
326.4375 216.0 35
327.8750 218.8 30
328.1563 221.5 35
330.2656 224.3 32
330.7031 227.8 28
331.0469 231.3 32
331.9375 234.8 31
333.7031 238.0 29
336.2500 241.5 28
336.5625 245.8 28
337.5625 250.3 30
337.9219 254.5 27
339.0625 259.5 27
339.9844 264.5 24
340.8125 269.8 28
341.9688 275.5 25
343.6875 281.5 30
344.0469 288.0 25
345.4063 294.5 23
346.2969 301.8 26
347.1875 308.5 25
348.7188 316.3 22
349.7813 324.0 20
351.0156 333.0 23
351.7969 342.3 22
352.8438 352.3 20
354.0313 362.8 22
354.9688 374.3 18
355.9219 387.0 20
357.1563 399.8 20
358.1250 414.5 17
359.4531 431.0 20
0.2813 448.5 18
