#RPLIDAR SCAN DATA
#COUNT=299
#Angule	Distance	Quality
2.3906 453.0 36
3.3594 453.0 37
4.6094 452.3 38
5.7031 451.3 41
7.1875 452.0 39
8.1094 452.5 41
9.4219 452.0 42
10.6875 452.3 44
11.8438 453.3 40
12.9844 454.0 38
15.2656 455.3 14
16.6875 457.0 34
17.8438 458.5 33
19.0625 460.8 35
20.0781 462.5 35
21.3750 464.8 32
22.2656 467.0 30
23.5781 470.3 28
24.8125 473.3 34
25.9844 476.0 32
27.0156 478.8 29
28.3438 482.5 32
29.3281 486.3 31
30.5781 490.5 26
31.7656 494.5 25
32.8750 499.8 27
34.0156 504.8 27
35.1250 510.0 29
36.5000 516.0 28
37.6719 516.3 27
38.8125 509.0 22
40.1406 491.0 21
41.2344 476.3 24
42.5938 461.8 26
44.0313 448.5 26
45.4688 434.0 24
46.6563 422.0 24
47.9219 411.5 25
49.1719 401.3 26
50.4219 392.3 28
51.9688 383.5 23
53.0625 375.3 26
54.4688 367.3 28
55.5938 360.0 25
56.9844 353.5 29
58.2344 347.8 33
59.5625 341.8 30
61.0156 336.3 30
62.1719 330.8 29
63.2344 326.5 29
64.9688 321.0 30
66.1875 317.3 31
67.1094 312.8 33
68.4375 309.8 33
69.8281 305.8 35
71.3281 302.5 33
72.3281 299.5 35
73.6875 296.8 34
74.4531 294.0 33
76.2500 291.3 34
76.9375 288.8 36
78.3125 286.8 36
79.5156 284.5 34
80.7344 282.5 34
81.9063 280.8 35
83.4531 279.0 32
85.0625 277.5 37
86.5000 276.3 36
87.7031 275.0 35
88.4063 274.3 37
89.5313 273.8 36
90.6406 272.5 43
91.5313 272.0 42
93.5156 271.5 41
94.4688 271.0 42
96.2813 271.0 39
96.4219 271.0 40
98.6250 270.8 35
99.5781 271.0 39
100.5000 271.0 37
101.5938 271.8 42
102.8125 272.0 37
104.2656 272.5 39
105.6875 273.3 37
106.9688 274.0 38
107.8906 275.3 34
108.7813 276.5 35
110.0156 277.5 36
110.8594 279.3 33
112.7031 280.5 31
113.5313 282.3 34
114.4531 283.8 33
115.5000 286.0 37
116.8438 288.0 32
117.9844 290.3 35
119.2031 292.5 36
119.9531 294.8 32
121.3750 298.0 33
122.9688 300.8 37
123.7031 303.3 31
125.2188 306.3 33
125.8281 309.8 33
126.9844 313.0 31
127.9219 316.3 31
129.3281 319.8 28
130.2813 324.0 31
131.5156 328.5 29
132.4844 333.0 30
133.9844 337.5 27
135.1719 342.3 29
135.8594 348.3 28
137.3125 353.3 27
138.2813 352.8 26
139.7969 353.5 21
140.9688 346.0 22
142.0000 339.3 26
143.8125 332.0 27
145.2500 325.0 22
146.2344 319.3 28
147.5625 313.5 26
149.0469 308.3 29
149.8125 303.3 26
151.1719 298.0 25
152.9688 293.3 27
153.5156 289.3 28
155.3281 285.3 30
156.5469 281.0 31
157.4531 277.3 28
159.3906 273.8 28
160.1094 270.8 31
161.1094 268.0 32
162.5469 265.3 25
164.3125 262.0 33
166.0938 259.5 31
166.2813 257.8 29
168.7344 255.0 30
168.4688 253.0 30
170.9531 251.3 33
171.7656 249.8 28
173.0000 248.0 27
173.3125 247.3 27
176.3438 246.0 20
177.6094 245.0 21
178.5156 244.0 20
178.5156 244.5 15
179.6719 243.3 16
181.6719 246.3 11
181.5781 251.5 18
183.1563 254.3 18
184.6250 252.3 21
185.7813 251.5 22
186.6094 252.5 19
187.9375 251.5 20
189.3438 254.0 20
191.0156 255.0 18
191.0625 256.5 21
192.9688 259.0 22
194.1406 259.8 23
195.6250 261.3 23
196.8906 262.3 27
198.0313 262.8 29
198.7656 264.0 23
199.2656 265.5 27
200.5000 266.8 27
201.7188 267.8 30
202.8281 269.8 25
204.1563 271.0 29
205.1406 273.0 25
206.9531 274.8 25
207.8594 276.3 25
209.0938 279.0 25
210.6875 281.0 29
211.3594 283.8 24
212.2969 286.5 26
213.6250 288.8 27
215.0938 291.8 26
215.9844 294.8 25
217.2656 298.0 23
218.5938 301.0 27
219.1094 304.8 24
220.6094 307.8 22
221.8281 312.0 20
223.0156 315.3 21
224.0938 319.5 20
225.4063 323.5 21
226.2500 327.5 21
227.4063 332.8 23
228.7031 337.3 22
230.1250 328.8 26
231.1875 321.3 27
232.5313 314.5 27
233.7031 308.3 32
235.5000 302.5 27
236.4844 296.8 32
238.1719 291.0 32
239.5781 285.3 32
240.2031 280.5 30
242.2969 275.5 32
243.0625 271.8 32
244.1719 267.3 30
246.1094 263.5 28
247.8281 259.3 33
248.6875 256.8 32
249.9219 253.5 32
250.4063 250.5 36
252.3438 247.3 34
253.3594 244.8 37
254.6406 242.3 33
257.4531 240.0 36
256.9844 238.5 38
259.8750 236.0 32
260.6563 234.3 36
261.1875 232.8 38
261.8281 231.0 40
263.9063 229.8 35
265.9375 228.3 36
266.3594 227.0 34
268.0313 226.5 35
269.1563 225.3 35
269.5781 224.8 38
272.0000 223.8 38
271.5313 223.5 39
272.8281 223.0 33
274.5156 222.5 39
275.2969 222.3 40
278.0313 222.0 38
279.2344 222.0 37
280.4531 222.0 38
281.6563 222.5 37
282.8750 222.5 37
284.0781 223.0 35
284.4063 223.3 40
286.5000 223.8 40
287.7031 224.5 37
288.7813 225.0 33
289.6563 226.0 36
291.1875 227.0 35
292.3906 228.0 36
292.7188 229.5 37
294.7969 230.8 40
294.6875 231.8 34
295.7969 233.8 37
298.4063 235.0 35
298.9844 236.8 35
298.9844 238.8 37
301.2656 240.3 34
301.5781 242.8 32
304.0000 245.0 36
305.6094 247.0 33
304.5625 250.0 35
306.2031 252.5 32
307.2188 255.5 36
308.0469 258.5 31
309.4375 261.5 29
311.3281 264.8 31
311.8906 268.0 32
313.0781 272.3 34
314.3438 276.0 31
314.5156 280.5 29
316.4688 284.8 32
317.4063 289.5 28
318.3906 294.3 29
319.2813 299.8 29
320.1563 304.8 29
321.4688 310.0 29
322.6250 315.5 24
323.7344 322.3 27
325.0625 328.8 24
325.9219 335.8 25
326.9219 343.0 24
328.3125 350.0 25
329.1563 359.0 23
330.5156 367.0 23
331.5156 376.5 21
332.5781 387.5 23
333.4219 398.5 20
334.8906 409.3 22
335.7969 421.8 20
336.9844 435.3 21
338.0000 449.8 20
339.2031 465.3 21
340.1094 482.8 21
341.2500 498.3 29
342.4219 494.8 27
343.8125 490.3 29
345.0000 486.3 32
346.0469 482.0 29
347.2188 478.5 29
348.5313 475.5 30
349.7500 472.3 28
350.9063 469.3 30
352.1875 467.0 31
353.3438 465.3 35
354.4219 463.0 32
355.9844 460.3 32
357.0469 458.8 31
358.1563 457.3 35
359.3594 455.8 33
0.6094 454.3 34
