#RPLIDAR SCAN DATA
#COUNT=301
#Angule	Distance	Quality
3.4688 307.8 12
5.4688 312.5 34
6.4688 313.3 34
7.5938 314.8 34
9.0156 315.3 31
10.0000 316.8 32
11.1563 317.8 34
12.5313 319.3 36
13.7813 320.8 29
15.0156 322.8 33
16.3281 324.8 31
17.3750 327.3 27
18.2031 329.0 28
19.5000 332.0 30
20.6563 334.0 28
21.5781 337.3 27
22.9844 340.5 28
24.2031 343.0 26
25.1875 347.0 29
26.0781 350.5 29
27.4531 354.3 26
28.7031 357.8 29
29.6875 362.3 28
31.1250 366.3 23
32.1250 371.5 25
33.2031 376.8 25
34.3281 382.3 23
35.4063 388.3 22
36.3594 394.0 24
37.5781 393.5 24
38.8438 395.8 22
39.9844 385.5 24
41.5313 376.5 25
42.5781 368.0 27
44.1250 360.3 26
45.2188 352.8 25
46.7500 346.0 28
48.0781 339.3 29
49.1563 333.8 25
50.4531 328.0 29
51.5313 322.3 32
53.3750 317.3 28
54.1406 312.8 30
55.5469 308.8 32
56.5625 304.5 34
58.5469 300.3 32
59.5000 297.0 32
61.1563 292.5 30
62.0156 290.0 31
63.5313 286.8 31
64.6406 283.8 31
65.4375 281.3 38
67.1250 278.5 36
68.5625 276.3 33
69.1094 273.8 33
70.8438 271.8 39
71.5156 270.3 36
72.9531 268.5 37
73.9844 267.3 34
75.8594 265.5 35
77.3125 264.3 33
77.6875 263.3 37
79.4531 262.0 39
81.2500 261.3 36
81.5156 260.5 37
83.3281 259.8 37
84.6094 259.5 36
85.7813 259.3 37
86.6719 258.8 36
87.6406 258.8 36
88.6563 258.8 36
89.7344 259.0 37
91.2031 259.3 35
92.0313 259.5 33
93.9219 259.8 38
94.7969 260.5 37
95.6406 261.5 35
97.8438 261.8 38
98.1250 263.3 35
99.5781 264.0 32
100.7813 265.3 33
102.6094 266.3 34
102.7188 268.0 38
105.0938 269.3 32
105.1719 271.3 36
107.0469 273.0 31
108.0625 275.3 33
109.6563 277.0 35
110.0625 279.3 29
111.5313 281.5 35
112.6406 284.3 30
113.5000 287.0 33
115.1875 289.5 31
115.8906 292.8 32
117.1094 296.0 28
117.9531 299.5 31
119.0469 303.0 29
120.6094 306.0 33
121.1094 310.5 32
122.8125 314.0 28
123.8906 318.3 32
124.3750 323.0 31
125.6250 328.0 28
127.0625 332.5 27
128.0938 337.5 26
129.4375 343.3 24
130.0469 349.3 27
131.2188 355.5 24
132.5469 362.0 27
133.6094 369.0 24
134.9688 376.5 24
135.7344 384.3 24
137.1406 392.3 23
137.9531 401.0 22
139.1719 410.0 24
140.2813 419.5 20
141.5000 430.0 23
142.4375 442.5 22
143.5313 453.5 22
144.8438 455.5 22
146.0625 450.3 27
147.2813 445.5 26
148.5156 439.3 23
149.6719 434.5 26
150.8281 430.0 29
152.3438 425.0 28
153.5156 420.8 26
154.5000 417.5 29
155.7344 413.3 27
157.1406 410.3 29
158.4688 406.5 29
159.3438 403.8 30
160.6563 401.5 32
161.9531 399.3 27
163.1406 396.8 30
164.1719 394.8 28
165.6406 392.5 30
166.5469 391.3 28
167.7031 390.5 24
169.1250 389.0 19
170.2344 388.8 17
171.5781 390.0 14
172.5469 393.0 17
173.5938 394.5 15
175.0313 399.3 19
175.9375 400.8 24
177.3438 402.5 28
178.6719 402.0 27
179.5781 401.8 27
180.7344 402.0 25
182.2500 403.0 26
183.1563 403.5 28
184.2969 405.0 25
185.3906 405.5 26
186.5938 406.5 27
188.2188 407.5 26
189.1563 409.0 25
190.5313 410.3 24
191.5938 412.5 27
192.6875 413.8 24
193.8438 416.8 23
195.3125 418.3 22
196.0938 422.0 25
197.4688 423.5 22
198.7031 426.3 24
199.8125 430.3 25
201.1094 433.5 22
202.0469 437.3 23
203.3125 440.5 20
204.6250 443.5 22
205.7188 447.8 26
206.7188 452.0 25
207.9688 456.0 22
209.2813 450.0 22
210.6094 434.3 24
211.8438 419.3 21
213.0781 406.5 25
214.4531 394.3 22
215.8125 383.3 22
217.0938 373.3 24
218.5625 364.0 25
219.7656 355.0 24
221.1719 346.8 24
222.2031 338.5 23
223.3750 331.0 29
225.2656 323.8 28
226.6406 317.5 30
227.6563 311.5 28
228.8594 305.8 32
230.4375 300.8 33
231.3594 295.0 32
232.9531 290.5 31
234.2656 285.3 30
235.5625 281.3 36
237.0781 277.0 33
238.2344 273.3 30
238.8125 269.8 31
241.3125 265.8 31
241.7500 263.0 34
243.0938 260.3 36
243.7813 257.3 33
245.2969 254.5 34
247.0625 252.3 32
248.0938 249.8 36
250.0000 247.8 35
251.5313 245.5 37
251.9063 244.0 36
252.6563 242.3 34
255.2344 240.8 39
255.9844 239.3 40
256.2656 238.5 41
258.7813 237.0 36
260.7188 236.0 33
260.7813 235.3 38
263.1406 234.5 37
263.0000 234.3 40
263.7969 233.0 41
265.2500 233.0 41
266.6719 232.8 38
269.1563 232.5 38
270.3594 232.3 37
269.8750 232.5 37
271.0313 232.8 41
272.5156 233.0 41
275.1563 233.0 40
275.7969 233.5 35
277.5625 234.0 34
278.4375 235.0 37
278.5313 235.8 35
280.0625 236.8 35
281.6250 237.3 33
281.5313 239.0 39
283.4375 240.0 36
284.7031 241.0 31
285.5938 242.5 33
286.5469 244.0 34
288.6719 245.8 35
288.6719 247.8 36
289.6406 249.8 34
291.8438 251.8 31
293.1875 253.8 31
293.1406 256.5 32
294.1875 259.0 33
296.6719 261.5 33
296.7969 264.0 28
298.7813 267.0 30
299.0938 270.5 32
299.9063 273.5 29
301.3594 277.3 31
303.0000 280.8 33
303.9219 284.5 30
305.0000 289.0 31
306.1875 293.5 27
307.0000 298.3 25
308.0469 302.8 26
308.9844 307.5 28
310.0625 312.8 27
311.5781 318.3 30
312.5781 323.8 30
313.4219 330.0 26
314.4531 336.3 29
315.8594 343.8 27
316.7813 350.3 26
317.6094 358.3 25
319.0469 365.8 23
320.0000 375.0 24
321.4063 382.3 28
322.3438 378.8 25
323.7500 373.0 26
324.8125 368.5 26
326.0625 364.0 28
327.2969 359.0 26
328.6094 355.3 27
329.5781 351.0 29
331.0781 347.5 30
332.6406 343.5 29
333.2813 340.3 29
334.5938 337.3 31
335.9844 334.0 29
337.3438 331.5 31
338.5313 329.3 30
339.6875 327.0 28
340.9844 324.3 29
342.0938 322.0 35
343.2500 320.5 28
344.6563 318.5 32
345.7969 317.3 30
347.3594 315.8 31
348.4375 314.8 29
349.2188 313.8 32
350.9219 312.8 33
351.5625 312.0 34
353.3594 311.3 36
353.9531 310.8 34
355.0781 310.5 37
356.9688 309.8 40
358.0938 310.0 38
358.8438 310.3 38
0.1875 310.5 42
1.0625 311.0 38
2.5469 314.0 21
