#RPLIDAR SCAN DATA
#COUNT=302
#Angule	Distance	Quality
2.7031 313.5 18
4.4531 306.0 18
5.2656 303.3 17
6.3438 296.0 16
8.4063 291.0 18
9.2656 286.5 17
10.6094 279.0 16
11.7656 275.8 19
12.8594 273.0 19
14.8750 270.8 22
16.1406 269.3 19
16.8906 266.8 21
17.6094 264.0 19
19.5156 262.3 24
20.1875 261.3 26
21.9688 259.8 28
23.1094 258.5 26
25.0938 257.0 23
25.1406 256.3 24
27.2500 255.5 24
28.1875 254.3 26
28.5313 254.0 25
30.5000 253.3 27
31.3281 253.0 26
32.7031 252.8 25
33.9688 252.5 27
34.3594 252.8 26
37.1250 252.5 26
37.8906 252.3 26
39.0156 252.5 29
39.2188 252.8 33
40.6250 253.5 34
41.6719 254.3 33
43.4688 254.5 33
43.9844 256.0 35
45.0625 256.5 32
47.1094 257.3 29
47.5938 259.0 33
49.2031 260.0 32
49.8750 262.0 33
51.1250 263.5 28
52.4375 265.0 28
53.4063 266.8 29
55.3594 268.8 28
56.6094 271.0 31
56.6719 273.0 28
57.9219 275.8 28
59.9531 278.0 30
60.4219 281.0 30
62.1250 284.0 26
62.6406 287.5 26
63.7188 290.3 28
65.0156 293.8 25
65.9219 297.5 28
66.9375 301.5 26
68.3281 304.8 25
69.6250 309.3 25
70.6563 313.0 26
71.6406 317.8 28
72.8125 322.8 26
73.9688 328.0 24
75.5313 333.5 22
76.3125 339.0 23
77.7500 344.5 24
78.4688 353.3 30
80.1719 342.3 32
81.3281 336.0 30
82.7031 329.3 27
83.9688 322.8 32
85.3125 317.5 28
86.3594 312.3 32
87.3594 307.8 32
88.8906 303.0 33
90.4219 298.0 28
91.4531 293.8 28
92.3906 290.0 33
94.3438 285.8 35
95.0469 282.3 31
96.2969 278.8 35
98.3125 276.3 31
98.8750 273.0 32
100.0781 270.0 38
102.1875 267.3 37
102.6875 265.0 32
104.7031 262.8 36
104.8906 260.8 35
106.9063 259.0 35
108.5469 256.8 35
108.9375 255.3 34
111.4063 253.3 33
111.8438 252.3 36
112.7500 251.0 38
113.8594 249.8 38
115.0781 248.8 40
117.1875 247.8 38
119.0469 246.8 39
119.3281 246.5 32
119.8594 245.8 35
121.0781 245.5 41
122.6094 245.3 38
122.8750 245.3 39
124.1094 245.0 30
126.4844 245.0 41
128.7031 245.0 40
128.3125 245.5 39
129.3906 245.5 39
130.3438 246.0 36
132.2500 246.5 34
132.3438 247.8 40
134.0000 248.0 37
134.8750 249.0 40
137.4688 249.8 36
137.2500 251.0 38
138.8906 252.3 35
139.5313 253.8 35
140.5000 255.3 33
142.4375 256.5 34
143.7813 258.5 34
144.4375 260.3 35
145.2813 262.3 35
146.7500 264.3 31
147.5156 266.5 33
148.7500 268.5 37
149.7344 271.8 37
150.9844 274.0 30
152.1563 276.8 34
153.3125 280.0 33
154.6250 283.3 32
155.6563 286.5 34
156.6094 290.5 33
158.4219 293.8 28
159.5625 298.0 28
160.5625 302.0 29
161.8281 305.8 32
162.9531 310.5 29
164.0469 315.0 27
164.5781 319.8 26
165.5156 325.3 27
166.7500 330.8 29
168.2813 336.3 27
168.8594 343.3 25
170.2656 349.3 29
171.2188 356.3 23
172.5469 363.0 26
173.6406 370.3 24
174.4688 379.8 21
175.9375 387.5 22
176.9375 397.3 24
178.0938 406.5 22
179.0000 416.5 20
180.1563 429.8 22
181.0938 441.8 24
182.3438 454.5 19
183.2656 469.0 21
184.5625 483.5 22
185.5625 497.8 28
186.8125 492.0 25
188.0625 487.0 30
189.3125 482.5 31
190.5313 478.3 29
191.9375 474.0 31
192.9531 470.5 30
194.3750 466.8 29
195.5313 464.3 30
196.4844 460.5 30
197.7344 457.5 32
199.1094 455.0 29
200.4375 451.8 33
201.6250 450.5 33
202.8438 448.3 34
203.7500 446.8 34
205.0781 445.8 36
206.1875 444.3 31
207.4844 443.0 34
208.7656 441.3 38
209.8125 441.0 39
210.9375 440.3 32
212.2969 439.8 32
213.6250 439.0 35
214.7031 439.5 34
215.8750 439.3 36
217.2031 439.5 31
218.4219 439.8 36
219.4219 440.8 31
220.5781 442.0 38
221.7188 443.3 36
223.0000 444.3 33
224.3438 445.8 35
225.3125 447.8 33
226.6250 449.0 32
227.8906 451.5 34
228.9844 453.8 32
230.1406 456.3 29
231.4063 458.3 30
232.6406 460.8 33
233.7031 465.0 29
235.0625 467.8 26
236.0625 471.3 26
237.5156 475.3 26
238.6250 479.3 27
239.7656 484.5 28
240.8594 489.0 25
241.9688 493.0 25
243.2031 499.0 26
244.3906 493.5 19
245.7344 476.0 23
247.2500 460.0 22
248.4844 444.0 22
249.5625 430.0 23
251.0625 415.8 21
252.3594 404.0 26
253.6406 392.8 25
254.9844 383.0 22
256.2969 372.8 23
257.3438 364.0 26
259.2031 356.0 24
259.9844 348.8 29
261.3438 341.0 28
262.9844 334.5 29
264.3281 327.8 27
265.2188 321.8 28
266.4688 316.0 31
267.5469 311.0 30
269.4063 306.0 31
270.7031 301.5 31
271.3750 297.3 33
272.6406 293.0 31
274.3906 289.0 34
275.1719 285.3 34
276.4219 281.8 36
277.6563 279.0 33
279.3438 275.8 33
280.4219 272.8 38
281.7031 270.3 35
282.7344 267.5 36
284.0938 265.0 31
285.8594 263.3 37
286.4375 261.0 38
287.9688 259.3 33
289.6563 257.8 34
290.8594 256.3 36
291.2813 255.0 30
293.0313 253.5 36
293.6875 252.5 35
295.5781 251.5 40
297.2656 250.8 35
299.0156 249.5 38
298.7500 249.0 39
299.8906 249.0 38
301.4063 248.3 37
303.7969 248.0 36
305.0000 247.8 40
304.7969 248.0 36
306.2031 248.0 35
308.7188 247.8 40
308.7969 248.3 36
310.3594 248.8 37
311.9375 249.0 36
312.9688 250.0 37
313.7500 250.5 38
314.5156 251.5 42
316.0625 252.8 34
316.1719 253.8 37
317.2813 255.0 30
318.6250 256.3 35
319.9844 257.8 34
322.0156 259.3 34
322.2969 261.0 35
323.1719 263.0 38
324.8906 265.0 33
325.4063 267.0 33
326.8125 269.0 33
328.1719 271.3 36
329.5469 273.8 31
330.1563 276.8 32
331.0938 280.0 32
332.8438 282.8 31
333.9844 286.0 32
335.0469 289.0 32
336.4219 293.0 34
337.0625 296.3 28
337.8750 300.5 30
339.4375 304.3 30
340.3125 307.8 28
341.6250 312.5 28
342.9531 317.3 26
344.0469 321.5 29
345.0156 326.8 23
346.1563 332.8 28
347.0313 338.8 27
348.1250 344.3 27
349.4844 350.5 28
350.3594 356.8 28
351.9531 357.0 24
352.8281 351.3 23
354.0000 345.8 20
355.7344 340.3 20
356.9375 334.5 22
358.1875 329.8 19
359.0938 325.3 18
0.4063 321.8 20
1.7813 316.5 16
