#RPLIDAR SCAN DATA
#COUNT=301
#Angule	Distance	Quality
3.2969 325.5 28
3.8281 327.3 30
5.3281 329.0 30
6.1563 331.0 32
7.9375 332.5 33
8.7500 335.3 31
9.6563 337.8 29
10.8281 340.0 31
12.3438 342.5 29
13.4531 346.3 27
14.5156 349.0 30
15.8281 352.5 25
16.6406 355.8 26
18.0781 359.8 25
19.2813 364.0 28
19.9063 368.5 28
21.3125 372.5 23
22.4844 377.5 24
23.8281 382.3 26
24.7344 388.8 23
25.7500 393.3 23
27.0156 394.5 24
28.3125 391.3 25
29.4375 382.5 25
30.7344 372.3 23
32.1563 363.0 27
33.3438 355.3 26
34.4063 347.8 29
35.6719 340.8 28
37.4688 333.5 27
38.6406 327.0 26
39.8750 321.0 27
40.7500 315.8 26
42.4844 310.5 32
43.5000 305.3 31
44.7969 301.3 32
46.0156 297.0 31
47.7813 292.8 32
48.9688 288.5 33
49.8281 285.0 32
51.1563 281.5 33
52.6094 278.0 34
54.3906 274.5 35
55.7813 272.0 36
56.6406 269.8 35
57.5000 267.0 31
59.2188 264.5 30
60.5938 262.5 38
60.8438 260.8 35
62.6250 259.0 37
64.3594 257.3 36
64.8750 256.0 34
65.9375 254.3 36
68.0469 253.3 38
68.6719 252.0 29
70.3125 251.0 37
71.2500 250.3 38
72.0313 249.8 37
73.4688 248.8 37
74.9063 248.3 37
75.9531 248.0 37
77.0781 247.8 39
78.9375 247.5 40
79.8125 247.8 37
81.9219 247.5 36
81.5938 248.0 40
83.7188 248.3 36
85.9375 248.5 39
85.2188 249.5 41
88.0469 249.8 36
87.8594 251.0 36
89.5156 251.8 38
90.6875 252.8 32
91.3906 254.0 36
93.7031 255.0 34
94.3281 256.5 34
95.9375 258.0 38
95.9375 259.5 32
96.9063 261.5 33
98.1719 263.0 37
99.5156 265.3 35
100.8594 267.5 34
101.7031 269.8 34
103.2188 272.3 38
104.7500 274.5 34
105.4375 277.5 32
106.2188 280.5 28
107.6719 283.5 30
108.5938 287.0 32
110.4375 290.3 31
110.9063 293.8 28
112.6563 297.5 29
113.4844 301.8 30
114.6875 305.8 31
115.9531 309.8 31
116.4844 314.5 28
117.6250 319.3 31
118.7344 324.0 26
120.1094 329.5 28
121.3438 335.3 28
121.9063 341.0 25
123.1094 347.8 27
124.5156 353.8 22
125.3594 361.0 28
126.3438 368.3 23
127.7344 376.0 23
128.7344 383.8 23
130.1563 392.8 24
130.9063 402.3 23
132.3281 411.5 20
133.1250 423.0 20
134.4531 434.5 22
135.4688 441.3 28
136.7344 444.0 25
137.9375 438.5 25
138.9063 433.8 27
140.2969 428.3 26
141.5000 423.0 23
142.8438 418.8 27
144.1875 414.3 27
145.4219 410.5 28
146.4531 407.0 28
147.9375 403.0 29
148.7813 401.0 30
150.3594 397.5 28
151.2344 395.5 29
152.8125 392.5 31
153.8594 390.5 27
154.9375 388.8 29
156.2344 386.8 30
157.6719 385.0 31
158.4219 383.8 32
159.7656 382.5 28
160.9844 381.3 31
162.1094 380.8 24
163.4063 380.3 20
164.4375 380.0 17
165.8281 380.5 17
167.2188 381.5 14
167.8750 390.8 15
169.3750 393.0 22
170.4531 393.3 23
171.6875 393.0 22
172.6875 395.0 19
173.9219 396.5 22
175.1563 397.8 24
176.4219 399.0 25
177.2969 400.0 27
178.8750 401.8 25
180.0000 402.3 27
181.0781 405.3 26
182.2188 405.3 24
183.1875 408.3 26
184.7500 409.8 26
185.7031 412.3 25
186.8281 414.5 24
188.3281 417.3 23
189.2656 420.5 22
190.6094 423.3 22
191.8125 426.3 25
192.9688 430.0 26
193.8438 433.8 23
194.9688 437.8 22
196.4531 441.0 25
197.3438 445.0 25
198.6563 449.8 23
199.6875 454.5 22
200.9844 458.8 24
202.2969 442.5 25
203.7500 428.3 23
204.9375 414.8 23
205.9844 403.0 27
207.2813 392.3 26
208.7656 382.8 24
209.8750 372.8 24
211.5313 363.5 27
212.9219 355.3 27
214.2188 347.8 28
215.2188 340.5 27
216.4063 333.5 27
217.9688 326.8 28
219.5000 320.5 27
220.6094 315.5 29
221.6875 310.5 31
223.3750 305.0 33
224.0000 300.5 31
225.3906 296.0 28
226.7813 291.5 32
228.2969 287.5 32
229.8594 283.3 33
230.4531 279.8 33
231.8125 276.8 36
233.7813 273.0 31
235.1563 270.3 35
235.9844 267.5 37
237.2500 264.8 32
238.2500 262.3 38
239.5156 260.3 35
240.6563 258.3 33
242.2188 256.0 36
242.9531 254.5 35
245.2500 252.5 34
246.1094 251.3 39
248.4688 249.5 37
248.4688 248.3 37
249.5625 247.5 39
251.5938 246.3 36
251.6094 245.8 41
253.3750 245.5 41
254.4063 244.8 39
255.9375 244.0 38
257.1406 243.8 40
259.9063 243.5 40
259.3594 243.3 38
261.3906 243.3 37
261.6094 243.5 38
264.6875 243.5 37
264.4531 244.0 38
265.7500 244.5 35
267.3438 244.8 33
268.1250 245.8 36
269.4531 246.8 40
269.6875 247.5 40
272.8750 248.5 38
272.8281 249.5 35
274.0000 250.8 33
274.5469 252.3 32
275.8750 253.5 36
277.5313 255.5 34
278.4844 257.0 32
280.2344 259.3 34
281.2813 261.0 33
282.3125 263.3 36
283.3125 265.3 32
284.0000 268.3 38
285.9844 270.8 34
286.3594 273.5 32
287.8125 276.0 31
288.4688 280.0 27
289.4219 282.8 31
290.7344 286.3 31
291.7500 290.0 31
293.5625 293.3 27
294.2188 297.8 27
295.6250 301.8 30
296.2031 306.5 31
297.3594 310.8 29
298.8594 315.5 27
299.8438 320.0 25
301.2969 325.5 24
302.2031 331.3 29
303.5000 337.5 24
304.2656 344.0 29
305.3750 350.3 28
306.6406 357.5 26
307.5781 365.3 26
308.6563 373.0 22
309.8594 382.3 23
311.0000 390.5 21
312.1250 392.0 27
313.2031 387.5 26
314.4531 382.3 25
315.8594 376.0 26
316.7344 371.5 23
318.4375 367.0 30
319.1875 362.5 29
320.6563 358.0 33
321.9531 354.3 27
323.4844 350.5 31
324.1406 347.3 29
325.9531 343.8 30
326.8750 341.0 28
328.4063 338.3 28
329.2656 336.0 31
330.5781 333.3 28
332.0313 331.0 31
333.0781 328.5 28
334.2500 327.3 28
335.4531 325.5 30
337.0156 323.8 31
337.7031 322.5 35
339.0000 321.3 33
340.0000 320.3 31
341.4531 319.3 36
342.4688 318.3 32
343.8125 317.8 36
345.4219 316.5 33
346.1719 316.8 35
347.8594 316.5 34
348.9844 316.3 34
349.9688 316.3 39
350.7500 322.5 10
352.1563 312.3 11
353.2344 317.5 38
354.8281 317.8 38
356.1719 318.3 37
356.7656 319.8 33
358.1094 320.3 33
359.7500 320.8 32
0.3594 322.5 35
2.0625 323.5 35
