#RPLIDAR SCAN DATA
#COUNT=300
#Angule	Distance	Quality
2.9063 348.3 28
4.2344 351.3 29
5.2188 354.3 27
6.6406 357.8 30
7.5000 361.5 30
8.7656 364.8 27
10.1094 369.3 25
11.1250 373.5 24
12.0313 378.0 25
13.4219 382.8 23
14.6719 387.8 24
15.4688 392.8 25
16.5469 399.0 21
17.9688 408.0 30
19.1094 392.0 26
20.4688 382.0 22
21.6719 372.0 23
23.1563 363.5 27
24.4844 355.3 27
25.6406 346.8 23
26.8125 339.3 27
28.0625 333.0 28
29.8125 326.5 27
30.9375 320.3 27
31.7344 314.8 27
32.9219 309.8 32
34.5156 304.8 31
35.7969 300.0 31
37.1719 295.3 32
38.7813 291.3 32
39.7500 287.5 31
40.5469 283.5 31
42.6719 280.3 32
43.6094 276.5 33
44.9844 273.5 32
46.0156 270.5 33
47.2969 267.8 35
48.6875 265.5 31
50.0469 263.0 38
50.5938 261.3 34
52.7969 259.0 34
53.6250 257.3 34
54.7969 255.3 29
55.4844 254.0 36
56.7031 252.5 37
58.6563 251.0 39
60.7813 250.0 37
61.7969 248.8 35
63.4063 248.0 37
63.4844 247.3 37
64.2500 246.5 34
66.3906 246.0 36
67.3594 245.5 41
69.6875 245.3 41
69.2656 245.0 40
72.1875 245.0 38
71.3438 245.5 38
72.5625 245.5 39
74.8906 245.5 37
75.8438 246.0 36
76.9688 246.5 33
78.2344 246.8 34
79.1406 247.8 39
80.2969 248.5 35
80.9375 249.5 36
82.8594 250.8 37
83.4844 251.8 39
84.2969 253.3 34
86.2813 254.8 30
86.7500 256.3 33
88.0000 257.8 33
89.2188 259.8 36
90.6406 261.8 39
92.0625 263.5 29
92.8125 265.5 33
94.0469 268.3 37
95.0000 270.8 38
96.7344 272.8 30
97.3594 276.0 31
98.8906 278.5 31
99.1875 282.0 29
100.7188 285.3 33
102.3750 289.0 30
102.7969 292.8 30
103.9219 296.8 30
105.2813 300.5 28
106.3281 304.3 30
107.4219 309.0 30
108.5469 313.8 27
110.0469 317.8 29
111.0156 323.0 29
112.1719 328.8 25
112.7813 334.5 25
114.0469 340.5 26
115.2813 347.3 24
116.0313 353.8 24
117.0781 360.0 24
118.5156 367.8 24
119.7188 376.0 24
120.5313 384.5 23
121.5625 392.5 23
122.6875 402.0 23
123.9375 411.5 23
125.0625 423.0 20
126.0625 435.5 22
127.4063 439.3 23
128.4219 434.3 28
129.6563 429.5 27
130.7344 423.5 24
132.2813 418.8 26
133.5156 414.5 27
134.4844 410.0 29
135.7188 406.3 30
137.1406 402.5 30
138.0625 398.8 26
139.6406 396.3 28
140.6563 393.3 28
141.8125 391.0 32
143.3906 387.8 28
144.1875 385.5 29
145.8125 383.8 32
146.9375 381.5 31
148.1719 379.8 27
149.0469 378.3 29
150.2813 377.0 31
151.9063 375.3 30
153.0000 374.3 29
153.9531 373.0 30
155.3281 372.3 31
156.3594 371.8 29
157.7500 371.5 29
158.6563 371.8 27
160.2500 371.8 24
161.4688 371.8 18
162.4844 374.0 17
163.7031 373.5 16
164.5313 374.5 18
165.6250 375.0 15
166.7656 379.5 14
168.2031 384.0 18
169.1563 388.3 17
170.2344 392.8 20
171.7031 394.8 20
172.6094 397.8 23
173.8125 399.8 25
174.9844 402.0 26
176.3750 404.0 26
177.3750 406.3 26
178.4219 409.0 23
179.4844 412.3 24
180.6719 414.5 21
181.8906 418.0 24
183.0938 420.8 21
184.4063 423.0 22
185.4219 427.5 24
186.4688 431.5 25
187.8906 435.3 23
188.9844 439.8 22
190.3750 444.0 22
191.4375 448.5 23
192.4844 452.5 24
193.6406 444.3 22
195.1875 430.8 25
196.4688 417.5 23
197.6250 405.0 26
199.0313 394.5 24
200.3125 384.5 25
201.7031 375.0 26
202.7031 366.0 25
204.1719 358.3 27
205.7656 350.3 29
206.5469 343.5 29
208.0313 336.5 30
209.3438 330.0 30
210.3906 324.0 28
211.8750 318.3 32
213.0313 313.0 30
214.2656 308.0 31
215.7188 303.0 31
217.2500 298.3 30
218.1406 294.3 29
219.8438 290.3 35
220.6875 286.5 34
222.1094 283.0 32
223.2500 279.3 29
224.1563 276.3 34
226.3750 273.0 31
226.6406 270.8 37
228.3750 267.8 37
229.6094 265.3 34
230.8438 263.3 35
231.8906 261.0 36
233.5469 258.8 35
234.7969 257.0 37
235.6563 255.5 31
236.7500 254.0 35
238.0156 252.8 34
239.9063 251.5 41
240.4375 250.5 40
242.8438 249.0 39
244.2188 248.3 41
245.5000 247.5 41
246.2500 247.0 39
247.7813 246.5 35
247.7188 246.3 36
248.9844 246.0 36
251.6406 245.8 36
252.5313 245.5 39
253.2344 245.8 36
253.8750 246.0 36
256.5781 246.0 36
256.4375 247.3 40
258.2969 247.5 42
259.0469 248.3 37
259.9219 249.0 39
261.5156 250.0 37
263.6406 251.0 39
264.2344 252.0 35
264.9688 253.5 34
266.0625 254.5 37
268.0938 256.3 35
269.2500 257.5 36
270.0469 259.5 34
271.3750 261.5 32
272.4219 263.0 38
273.1719 265.5 29
274.0313 267.8 35
275.0781 270.5 34
275.9531 273.0 32
277.5938 275.8 31
278.2031 278.3 34
279.4219 281.8 36
281.1563 284.8 31
281.6563 288.5 30
283.3594 292.0 28
284.7188 295.8 27
285.5313 299.8 30
286.8125 304.0 31
287.5156 308.3 30
288.4219 312.8 30
289.5781 317.8 33
290.6875 322.8 30
291.9219 327.8 27
293.0156 334.0 25
294.4219 339.5 26
295.2344 346.3 25
296.4063 353.0 28
297.4063 359.5 25
298.8594 367.0 24
300.1250 375.0 23
300.8438 383.5 21
302.1563 393.0 23
303.2656 401.3 28
304.4531 396.3 25
305.8594 389.8 24
306.7344 384.8 27
308.0938 380.0 25
309.2188 374.8 25
310.6719 370.5 26
311.6875 366.8 29
313.0781 362.5 30
314.0781 358.5 28
315.1563 355.0 29
316.7188 351.5 30
317.8125 348.5 30
318.9844 346.0 27
320.5000 343.0 28
321.6563 340.5 31
322.8906 338.3 29
323.8125 336.5 30
325.0469 334.5 29
326.4375 332.5 29
327.9375 331.0 32
328.7500 329.5 34
329.9219 328.0 31
331.5625 327.0 30
356.3281 325.8 33
334.0156 325.0 32
334.6719 324.3 35
335.7344 324.0 33
337.5156 323.0 38
338.6250 322.5 39
339.6406 322.3 44
340.5938 322.8 43
344.1406 323.5 38
345.7500 324.0 34
346.6875 324.8 34
347.7188 325.5 35
348.8125 326.5 31
349.9375 327.5 31
351.4219 328.3 33
352.2969 329.8 35
353.5156 331.5 32
354.9688 332.8 33
355.7813 334.8 32
357.5156 336.3 32
358.1719 338.5 27
359.7813 340.8 30
0.5781 343.3 28
2.0000 345.8 29
