#RPLIDAR SCAN DATA
#COUNT=302
#Angule	Distance	Quality
1.6719 390.8 22
3.1719 381.3 26
4.3750 371.3 25
5.9531 363.0 28
6.9063 355.3 27
8.4375 347.5 28
9.5938 340.3 28
11.0313 333.3 27
12.0938 327.0 26
13.3906 321.3 30
14.7344 316.0 29
15.5938 311.3 29
16.9531 305.8 32
18.7188 301.5 34
19.9063 297.5 31
20.7344 293.0 28
22.3438 289.0 33
23.4219 285.3 34
24.5313 282.0 32
26.3594 278.8 35
27.6563 275.8 30
28.3125 273.3 30
29.9063 270.5 34
30.6563 268.0 37
32.5781 265.5 31
33.2500 263.5 30
35.0938 261.5 33
35.3438 260.0 37
36.7188 258.3 37
38.0156 256.8 32
39.7813 255.3 36
40.7969 253.8 36
41.6563 253.3 34
42.9688 252.0 34
44.5000 251.0 34
45.3281 250.5 38
46.9531 249.8 36
48.8750 249.3 36
50.7188 248.8 37
50.4219 248.5 32
51.6406 248.3 38
53.0781 248.8 38
55.1719 248.3 36
54.9688 249.0 38
56.2656 249.0 36
58.6250 249.5 38
58.7656 250.3 40
59.5313 251.0 38
62.3906 251.5 39
62.6563 252.8 33
63.5156 253.8 35
65.5469 254.8 32
65.7188 256.0 33
66.7031 257.5 36
67.9063 259.0 36
68.9375 261.0 34
70.8125 262.0 37
72.2500 264.3 32
72.5625 266.3 33
74.2188 268.5 36
75.1563 270.8 36
76.9688 272.8 30
77.6563 275.5 30
78.1875 278.0 32
79.5156 281.3 34
80.4219 284.5 31
82.3281 287.8 30
83.5000 291.0 31
84.3438 294.8 30
85.4219 298.8 31
86.0938 302.8 29
87.7344 306.5 32
88.8438 311.3 30
90.2031 315.3 27
90.7031 320.0 26
92.2344 325.0 25
93.0313 330.3 26
94.2188 336.3 28
95.8438 342.3 27
96.6563 348.8 29
97.6875 355.5 24
98.8438 362.0 28
99.9844 368.8 22
101.0781 377.5 22
102.1719 385.5 23
103.3594 394.3 21
104.2813 404.0 22
105.4063 413.3 20
106.6875 424.8 21
107.9219 437.3 29
109.0469 429.3 25
110.4219 423.3 25
111.3906 418.0 28
112.9844 412.3 27
114.1250 407.5 26
115.4688 403.3 29
116.1094 400.0 26
117.7188 395.3 27
118.7188 392.3 27
119.7344 388.5 26
121.2344 385.5 28
122.4688 383.0 26
123.7344 380.0 30
124.6563 377.8 30
126.0469 375.0 29
127.0469 373.0 31
128.6875 371.0 30
129.5469 369.5 29
130.6719 368.0 33
132.0938 366.5 28
133.2344 364.8 33
134.6406 364.0 34
135.4063 363.5 35
136.6094 362.5 34
138.3125 361.3 38
139.1094 361.5 40
140.3438 361.0 39
141.4375 361.0 39
142.8281 360.5 40
144.3125 360.3 36
145.0469 360.8 38
146.2500 361.3 40
147.4219 362.0 36
148.9844 363.0 37
149.8438 363.8 33
151.2188 364.3 32
152.2969 365.8 32
153.6875 366.5 29
154.8594 368.8 30
156.0156 370.5 26
156.9219 372.3 25
158.4375 374.3 26
159.3594 376.5 26
160.7656 378.5 24
161.4844 382.0 24
163.0313 384.3 24
164.1719 386.5 24
165.1875 390.0 24
166.2500 393.5 23
167.3594 396.5 21
168.6094 400.0 19
169.7969 404.8 19
170.7031 409.8 17
171.8438 415.5 13
173.2656 423.8 13
174.1094 434.0 17
175.5938 437.3 19
176.5156 427.0 25
177.9844 414.3 22
179.0781 402.8 24
180.3438 391.5 25
181.7969 381.5 24
183.0469 372.0 23
184.7031 363.3 27
185.6406 355.3 25
186.8750 347.5 27
188.5625 340.0 27
189.3750 333.0 30
191.1406 326.5 26
191.9531 320.3 28
193.2500 315.3 27
194.8125 310.0 31
196.0469 304.8 32
197.3906 300.5 31
198.8281 295.3 32
200.1094 291.0 31
201.3594 287.0 33
202.1406 283.5 31
203.9688 279.5 34
204.8594 276.5 34
206.0313 273.3 32
208.2188 270.3 36
208.8906 267.3 35
209.7813 265.0 32
210.7344 262.5 38
212.4688 260.0 37
213.6875 258.0 37
214.8750 256.3 34
216.7344 253.8 35
218.2969 252.3 36
219.0313 250.8 36
219.7188 249.5 37
221.6875 248.0 35
221.9531 247.3 40
223.6250 246.0 34
225.8750 245.3 40
227.3594 244.3 34
228.1406 244.0 36
229.1875 243.3 38
229.2500 243.3 36
230.5000 242.8 38
231.8281 242.5 37
233.2188 242.5 38
234.1563 242.8 39
236.2031 242.8 34
237.7813 243.0 37
239.0313 243.3 38
239.0469 244.3 35
241.4531 244.5 33
242.9844 245.3 41
243.1406 246.0 36
244.3125 247.5 40
245.5469 248.3 36
246.5156 249.5 37
247.3125 251.3 38
248.9219 252.5 31
250.7188 254.3 31
250.9531 256.0 32
251.9063 257.8 35
253.7969 259.5 34
254.9844 261.8 38
256.0469 264.0 30
257.1563 266.3 34
258.4063 268.5 35
259.2656 271.5 36
260.6563 274.0 31
261.4063 277.5 33
262.3906 281.0 36
263.5313 284.3 32
264.9063 288.0 31
266.6094 291.3 31
267.3594 295.5 29
268.4219 299.3 31
269.5781 303.5 29
270.3906 308.0 29
271.5000 312.8 30
272.9063 318.0 29
273.7031 323.0 30
275.3125 328.8 27
276.2656 335.0 27
277.0625 341.3 28
278.2344 348.0 28
279.4063 354.8 24
280.9688 361.8 28
282.0625 369.5 22
282.9375 378.8 22
284.1875 387.3 23
284.9219 397.0 21
286.3438 400.3 25
287.5469 403.5 27
288.8281 397.5 23
290.0000 392.8 28
291.2188 387.8 28
292.1563 383.5 25
293.5000 378.8 26
294.9219 374.5 25
296.0313 370.5 27
297.1094 367.5 29
298.7031 363.3 29
299.8750 360.5 32
300.9688 357.5 34
302.0000 354.5 30
303.6250 351.8 31
304.5000 350.0 34
305.8594 347.0 31
307.4375 345.3 29
308.1250 343.3 29
309.4688 342.0 31
310.9063 340.0 32
312.1094 338.5 30
313.2813 337.8 32
314.0781 337.0 33
315.8125 335.8 32
316.5313 335.0 37
317.9375 334.5 31
319.1094 334.0 34
320.4063 333.3 32
321.6719 333.5 33
322.7813 333.3 34
323.7656 333.5 37
324.8750 332.3 28
326.0469 334.0 34
327.1406 334.8 37
328.8906 335.3 38
329.5781 336.3 36
331.0313 337.3 32
332.4375 338.0 30
333.2344 339.3 33
334.7656 340.8 34
335.8281 342.3 33
337.0781 343.8 32
338.2188 345.8 29
339.4375 347.3 31
340.3906 350.0 33
341.5156 352.0 31
342.8281 354.0 30
344.0000 357.0 32
344.8906 359.8 29
345.8750 363.3 28
347.4531 366.0 27
348.6719 369.8 27
349.6875 373.5 25
350.6094 377.5 24
352.0938 381.8 24
353.0781 386.3 25
354.2031 390.8 23
355.0938 395.5 24
356.4375 400.8 27
357.7344 405.5 25
358.5313 410.8 24
0.0313 406.5 24
1.3438 395.5 22
