#RPLIDAR SCAN DATA
#COUNT=301
#Angule	Distance	Quality
3.1250 287.3 32
4.5000 284.3 33
5.5938 281.8 36
6.8125 278.8 34
8.0313 276.3 33
9.2188 274.0 34
11.3281 271.8 38
11.7344 269.8 35
14.1406 267.8 38
15.2188 266.0 35
15.9844 264.5 33
17.7344 263.3 38
18.4688 262.0 40
19.9844 260.5 39
21.0938 260.0 38
22.6563 259.0 35
23.8125 258.0 37
24.8125 257.3 34
25.1250 257.3 33
26.2344 257.0 34
28.2813 256.3 36
29.4688 256.0 35
29.7344 256.3 36
30.9531 256.5 36
33.0781 256.5 34
33.3594 257.0 34
34.5000 257.5 36
35.7188 257.8 35
37.8594 258.5 36
39.0156 259.3 31
40.4531 260.3 37
40.9219 261.3 34
42.4219 262.5 39
43.8906 264.0 33
43.9844 265.0 33
45.1250 266.8 34
46.6406 268.0 37
47.5156 270.0 36
49.2969 272.0 37
50.1094 274.0 31
51.4219 276.3 33
52.9219 278.0 33
53.1563 280.8 30
54.3438 283.8 31
55.4219 286.5 32
57.1250 289.3 31
58.5781 292.5 32
59.1875 295.8 34
60.1094 299.5 32
61.3750 303.3 30
63.0313 306.5 33
63.4063 310.8 30
64.7188 314.8 28
65.8906 319.3 31
66.9063 323.8 28
68.0156 329.3 25
69.7656 334.5 29
70.6875 339.3 27
72.0000 345.8 25
72.6563 351.0 26
74.2344 357.5 28
75.0000 364.5 25
76.1875 371.8 23
77.4844 379.3 22
78.2656 387.5 24
79.3125 396.0 21
80.6406 404.8 25
81.5938 414.5 21
82.9375 425.0 21
84.1406 428.0 24
85.2500 422.3 25
86.5313 416.5 24
87.8594 411.0 24
89.2031 405.0 27
90.0625 401.3 28
91.6250 396.5 26
92.5938 392.3 27
93.8750 388.3 26
95.4375 384.3 31
96.2500 381.0 28
97.9219 377.8 30
98.8906 374.3 29
100.3594 372.3 27
101.2813 369.5 27
102.4063 366.5 27
103.8281 365.0 32
105.1406 363.0 32
106.0938 361.3 34
107.5781 359.3 30
108.8438 357.8 34
110.0000 356.5 35
111.1875 354.8 29
112.2656 354.0 31
113.6250 353.3 31
114.6875 352.5 31
115.9063 352.0 34
116.6875 351.8 36
118.0938 351.5 35
119.4219 350.8 38
120.3438 351.5 37
121.5625 351.5 38
123.1719 351.3 38
124.1563 352.0 35
125.4531 352.3 33
126.2969 353.0 33
127.8125 354.0 32
128.8594 354.8 33
129.7188 356.3 36
131.0938 357.3 35
132.3750 358.3 29
133.3438 359.8 30
134.3594 362.5 31
135.6875 364.3 31
137.1250 366.3 26
137.8438 369.0 29
139.2500 371.3 27
140.7656 373.8 25
141.5313 376.8 26
142.9531 379.3 26
143.7813 383.3 24
145.3281 385.8 24
146.5469 389.5 26
147.2813 393.5 26
148.5938 398.0 25
149.9219 402.0 25
151.0625 406.5 25
151.9844 410.8 24
153.4219 416.3 22
154.3750 412.5 22
155.5469 400.0 22
157.0000 389.5 22
158.1406 378.8 23
159.6563 368.8 26
161.1406 360.0 26
162.2656 352.0 28
163.8125 343.5 29
164.4844 336.8 28
165.7656 330.0 27
167.2344 322.8 31
168.4688 316.8 27
169.4844 311.0 29
171.0000 305.5 32
172.0313 300.8 30
173.3594 295.3 31
175.2188 290.5 33
176.5313 286.5 33
177.6875 281.8 35
178.6875 277.5 34
179.7656 274.3 33
181.2500 271.3 34
182.1406 267.8 38
184.1250 264.5 32
184.9063 261.8 38
186.4688 259.0 37
187.3281 256.5 36
188.5156 253.8 35
189.5781 252.3 31
190.9844 249.8 37
192.5156 248.0 36
194.1406 246.3 35
196.7656 244.8 29
196.7500 243.3 36
197.5781 241.8 37
199.0156 240.5 36
201.2969 239.8 36
201.6719 238.8 43
202.0938 238.0 34
205.0000 237.3 32
205.3594 236.5 36
207.5156 236.3 36
206.7344 235.8 36
208.0625 235.5 38
209.2344 235.5 39
212.2969 235.0 39
212.6406 235.3 36
213.9844 235.8 37
215.4063 236.0 34
215.1875 236.3 35
216.2656 236.8 37
217.9844 237.3 37
218.7500 238.3 36
220.3281 238.8 43
221.0469 239.5 40
223.0938 240.5 38
223.9375 241.8 35
226.6563 242.8 35
225.9219 244.3 34
228.1250 245.5 36
228.2813 247.5 38
230.2969 249.3 35
230.6094 251.0 32
231.7344 253.3 37
233.1719 255.5 34
234.6875 257.8 30
235.6563 260.0 35
237.0469 262.5 35
238.3281 265.0 30
239.7031 268.0 34
240.0781 271.5 34
241.6875 274.5 33
242.7656 277.8 31
243.3906 281.5 34
244.2969 285.8 30
245.7656 289.5 29
246.5313 294.3 28
247.6406 298.8 28
248.7813 303.3 29
250.3750 307.5 30
251.3438 312.8 27
252.1250 318.0 30
253.6406 323.8 27
254.5469 330.0 27
255.9063 336.3 25
256.9688 343.0 24
257.8594 350.3 27
258.9219 358.0 28
259.9844 365.8 23
261.1094 374.3 21
262.5938 383.3 23
263.5781 393.0 20
264.6719 403.3 23
265.4844 414.5 25
267.0156 405.3 26
268.3906 400.8 27
269.5781 395.8 26
270.6250 391.5 29
272.1563 387.3 27
273.3438 383.3 27
274.3594 378.8 25
275.5938 375.8 27
277.1719 372.0 27
277.9844 369.0 29
279.3281 365.8 29
280.7500 363.5 32
281.5938 360.8 35
283.1406 358.0 33
284.1250 356.3 29
285.5156 354.3 31
286.7656 352.5 27
288.0313 351.0 33
288.8438 349.3 34
290.1250 348.0 33
291.3594 347.0 28
292.8125 345.8 31
294.2500 344.5 34
294.8438 344.8 34
296.3750 344.0 35
297.4844 343.8 36
298.5000 343.8 37
300.1406 343.0 38
300.8750 343.5 37
302.5313 343.5 41
303.0781 362.5 10
305.6719 345.5 34
307.0469 345.8 34
308.1406 346.8 32
309.3906 348.0 34
310.4063 349.0 35
311.5313 351.0 34
312.9375 351.8 32
313.8906 353.5 30
314.9375 355.8 28
316.4688 357.3 32
317.4063 359.3 30
318.4844 361.8 34
319.8281 363.8 30
320.8750 366.5 29
322.0781 370.3 27
323.4219 372.5 25
324.6094 376.0 27
325.6719 379.8 24
326.5156 383.5 28
328.1250 387.8 27
329.0313 392.0 25
330.0938 395.5 23
331.5781 400.8 28
332.3125 405.0 26
333.7344 410.5 25
334.6563 416.8 21
335.8281 422.0 23
336.8750 420.3 18
338.2656 410.0 24
339.3906 399.5 25
340.7188 389.3 24
342.3906 380.0 27
343.2969 371.5 25
345.0156 363.0 27
346.1875 355.3 26
347.5781 348.8 29
348.4844 341.8 29
349.6719 335.0 30
351.2813 329.0 27
352.5781 323.8 29
353.4531 318.3 27
355.2969 313.8 30
356.6094 308.8 30
357.2344 305.5 31
358.7344 301.0 31
0.4531 297.0 34
1.7813 293.0 33
2.5938 289.8 33
