#RPLIDAR SCAN DATA
#COUNT=302
#Angule	Distance	Quality
4.0469 261.3 35
4.9531 260.5 36
6.1250 259.8 35
7.5781 259.8 39
8.7500 259.3 34
10.1563 258.8 36
11.5469 258.8 38
13.1719 258.5 36
14.6563 258.5 35
14.6250 259.0 37
16.2188 259.3 34
17.2188 259.8 37
18.7188 260.5 37
19.3281 261.0 37
21.4375 261.3 34
22.1875 262.3 40
23.1406 263.8 31
24.0469 264.8 31
25.0000 266.0 35
26.7813 267.3 34
27.8906 268.8 33
29.5000 270.5 35
29.8281 272.8 36
30.7500 274.3 34
32.5313 276.0 33
33.7344 278.8 34
34.2188 281.0 37
35.6875 283.3 32
37.2188 285.8 32
37.7344 289.0 33
39.1406 292.0 33
39.9375 295.0 33
41.0469 298.5 29
42.2500 302.3 30
43.3906 305.5 33
45.2188 309.5 31
46.3594 312.8 28
47.1719 317.5 29
48.6563 321.5 29
49.6406 326.3 27
50.5938 331.0 27
51.5156 336.3 28
52.6719 342.3 27
54.0156 348.3 29
55.3125 354.0 25
56.2656 360.3 26
57.0781 367.0 24
58.2500 374.5 24
59.7188 382.0 21
60.5156 390.0 22
61.9688 397.8 21
62.9844 407.8 22
63.8125 417.5 21
64.9531 431.3 29
66.3125 418.8 25
67.5156 413.0 26
69.0625 407.0 24
70.3281 401.8 27
71.2344 396.5 24
72.4844 391.8 28
74.0313 387.5 25
74.9531 383.5 25
76.5000 379.8 25
77.5781 375.8 27
78.9063 372.5 27
80.0000 369.5 30
81.0313 366.5 28
82.4063 363.8 31
83.9688 361.3 32
84.8438 359.3 29
86.2500 356.8 34
87.5781 354.5 30
88.3281 352.8 29
90.1094 351.3 31
90.9219 350.5 34
92.5625 348.5 34
93.5313 347.5 34
94.8906 346.3 29
95.9844 345.5 32
97.1563 344.8 34
98.3906 344.3 34
99.4531 344.0 33
100.8125 343.5 36
101.9844 343.0 38
103.0781 343.3 35
104.4375 343.8 38
105.6250 344.0 38
106.5000 344.0 38
107.6563 344.8 34
108.8125 345.8 28
110.3281 346.3 31
111.1875 347.5 34
112.8281 348.5 35
114.0781 349.8 31
114.9219 351.5 32
116.0938 352.8 27
117.0469 354.5 28
118.1719 356.8 32
119.6094 358.8 30
120.5469 361.3 32
121.7188 363.5 30
123.1563 365.8 30
124.3750 368.5 28
125.4375 371.8 26
126.3125 375.3 27
127.4063 378.8 25
128.8750 382.5 27
129.9688 386.0 25
131.1094 390.3 22
132.0313 394.0 26
133.0938 399.0 22
134.2656 403.8 25
135.6406 408.5 24
136.6563 407.0 21
138.2969 395.8 24
139.2813 385.0 25
140.5156 374.5 22
142.2813 364.3 27
143.6094 356.0 25
144.5625 348.5 28
146.1719 339.5 27
147.0938 332.8 30
148.3125 325.5 28
150.1250 319.0 31
151.1250 313.3 30
152.5000 308.0 32
153.9219 302.3 30
154.5469 297.5 30
156.0156 292.5 31
157.3438 288.0 32
159.0313 283.3 31
160.5469 278.8 32
160.8281 274.8 33
162.6719 271.3 35
164.4688 268.0 36
165.7813 264.5 32
166.8438 261.8 37
167.0938 259.0 36
168.8281 256.5 32
170.3438 253.8 33
170.9219 251.3 40
172.5313 249.5 36
173.2813 247.5 37
175.2656 245.5 37
175.7813 244.0 37
177.9688 242.3 33
179.1875 241.0 34
180.2031 239.8 35
182.6094 238.3 32
183.3750 237.0 38
183.8750 236.5 35
184.8594 235.8 39
187.3438 235.0 38
188.4063 234.5 37
189.2969 234.0 38
188.9531 233.8 35
192.2031 233.5 38
192.6250 233.3 36
193.3594 233.0 40
195.7656 233.3 38
194.9531 233.5 37
198.1563 233.5 36
197.5469 234.0 39
199.5313 234.5 39
201.4688 235.0 38
201.0781 236.3 34
204.1094 236.3 37
205.2969 237.3 36
204.6719 238.5 40
206.3281 239.5 36
208.2500 240.5 36
208.6250 242.0 35
209.3281 243.5 36
210.4063 245.3 40
212.5000 246.5 31
212.8438 248.8 35
214.2656 250.8 33
215.1250 253.0 32
216.6094 255.5 33
218.1250 257.5 31
219.4375 260.3 35
220.9219 262.8 34
221.5625 265.5 29
222.2500 268.8 31
223.4844 272.0 34
224.1563 275.8 31
225.5938 279.0 28
227.2188 282.8 30
227.8750 287.0 29
228.6094 291.3 30
229.9219 295.8 29
231.5156 300.5 27
232.3281 304.8 28
233.4688 310.0 29
234.5781 315.3 27
236.0000 321.0 24
236.9219 326.5 27
238.2656 332.8 25
239.2188 339.5 26
240.2813 347.3 24
241.3281 354.5 24
242.4688 362.0 28
243.3594 370.0 22
244.6250 379.3 21
245.5781 389.5 22
247.0469 399.3 23
247.8438 410.3 22
248.8906 415.0 25
250.5000 410.0 29
251.5000 404.3 29
252.8438 400.3 29
254.0000 395.8 26
255.2969 391.8 29
256.4531 387.8 30
257.7969 384.3 30
258.9063 380.5 29
260.0313 377.5 29
261.2813 374.0 25
262.6563 371.5 27
263.7969 369.0 31
265.3906 366.3 29
266.6875 364.3 31
267.6875 362.5 32
268.8125 360.5 35
270.0781 358.5 30
271.2656 357.0 38
272.8125 355.5 33
273.5156 354.3 30
274.7188 353.5 31
276.0938 352.5 28
277.6094 352.0 32
278.4844 351.5 35
280.0156 351.0 38
281.1719 350.8 39
281.9531 350.8 42
283.5781 351.0 37
284.5313 351.5 40
285.6719 354.3 18
287.1094 355.0 10
287.8125 352.5 34
289.1094 353.3 35
290.2031 354.0 33
291.4531 355.5 33
292.8906 356.5 29
293.8594 358.0 35
295.0625 359.3 30
296.4531 361.0 36
297.7656 363.3 31
298.5000 365.0 29
299.8750 367.3 29
301.0625 369.5 27
302.4219 371.8 27
303.2969 375.3 26
304.4375 378.0 25
305.9219 380.8 27
306.7344 384.5 28
308.0625 387.8 26
308.9063 392.0 27
310.1094 395.5 23
311.2344 400.0 27
312.5156 404.0 27
313.4375 409.5 26
314.8906 414.0 23
315.8438 420.0 23
316.8438 426.5 25
318.2031 428.0 24
319.2344 424.5 20
320.5781 412.8 22
322.0313 401.5 24
323.3906 392.5 24
324.4688 383.0 23
325.6875 373.5 22
327.0313 365.3 27
328.1094 358.3 29
329.9688 350.5 30
331.0938 344.0 28
331.9688 337.5 28
333.4063 331.8 28
334.9063 326.5 28
336.3594 320.3 27
336.9531 316.3 30
338.3281 311.5 29
339.8125 307.0 33
340.7500 303.5 28
342.2969 299.8 33
343.2188 295.8 32
344.5156 292.8 36
345.8438 289.0 33
347.2969 286.3 35
349.1406 283.3 34
349.8125 280.3 33
351.2188 278.3 35
352.1719 275.5 31
353.5625 273.5 32
354.9219 271.5 36
355.6250 270.0 31
357.3906 268.3 38
358.6406 266.8 36
359.4063 265.0 35
0.5000 264.0 33
2.0000 262.8 40
3.5000 262.0 42
