#RPLIDAR SCAN DATA
#COUNT=300
#Angule	Distance	Quality
4.9219 261.0 35
6.3750 262.3 41
7.6406 263.3 37
8.4063 264.5 31
9.9688 266.0 35
10.3281 267.5 37
11.5156 269.3 33
12.5313 271.3 35
13.8438 273.0 32
14.7500 275.3 31
16.2656 277.5 33
16.9063 279.8 31
18.1094 282.3 31
19.1875 285.0 34
20.4844 288.0 33
22.0781 290.8 33
22.5781 294.3 31
24.5469 297.8 32
24.9531 301.3 30
26.1094 304.8 30
27.5938 308.8 29
28.3281 312.8 28
29.4844 317.3 27
30.6250 321.5 28
31.8750 326.0 28
32.9688 331.0 27
34.2188 336.3 27
35.3125 342.3 29
36.6875 348.3 29
37.4688 354.3 26
38.7969 360.5 27
39.4688 367.5 25
40.9375 375.0 24
41.8906 381.8 22
43.0313 391.0 25
44.2344 399.3 21
45.1719 408.5 23
46.5781 415.3 26
47.8281 407.5 26
48.8750 402.3 27
50.4219 396.3 24
51.7031 391.0 27
52.5000 386.8 26
53.9063 381.5 29
55.1563 377.5 27
56.4844 372.8 26
57.9375 369.0 28
59.0938 365.3 29
60.0938 362.5 31
61.2969 358.5 28
62.5313 356.0 28
63.9844 352.8 29
65.3281 350.5 31
66.0313 348.5 33
67.6250 346.0 30
68.9531 344.3 32
69.9688 342.3 31
71.0313 340.5 31
72.7031 338.5 32
73.8125 337.3 31
74.9063 336.3 32
76.2500 335.0 33
77.6719 334.3 31
78.2656 333.3 34
79.5313 333.0 34
81.0313 332.5 35
82.1406 332.0 34
83.4219 331.8 37
84.7031 332.0 38
85.4688 332.0 37
86.9844 332.0 38
87.9688 332.8 36
89.1094 333.0 35
90.5469 333.8 31
91.4688 334.5 27
93.1406 335.0 33
94.0625 336.5 33
95.1875 338.0 30
96.7188 338.8 29
97.4375 340.8 33
99.1094 342.5 31
99.9531 343.8 32
101.0000 346.0 27
102.0156 348.5 30
103.4375 350.5 32
104.8594 352.5 26
105.7813 356.0 32
106.9531 358.0 30
108.4063 361.3 29
109.5469 364.8 28
110.2344 368.3 27
111.4688 371.8 27
112.6094 375.3 26
113.8125 379.5 28
115.1094 384.0 26
115.9375 389.0 24
117.2969 393.3 26
118.3438 399.0 22
119.7031 402.8 28
120.7344 393.3 26
122.0313 382.8 23
123.1094 372.5 23
124.6250 363.5 28
126.2188 354.8 27
126.9844 347.0 25
128.7344 339.0 28
129.5156 331.8 29
131.0313 325.3 29
132.5938 318.8 31
133.6719 313.0 30
135.0781 307.3 30
135.9688 302.8 29
137.9375 297.8 30
138.8125 292.5 31
140.1719 288.0 33
141.6719 283.5 32
142.3750 279.5 32
143.4688 275.5 31
144.9844 272.8 37
146.0469 268.8 30
148.2813 265.5 33
149.5313 262.5 38
149.7344 260.3 38
152.0938 257.3 35
152.8438 255.0 33
154.3438 252.8 34
154.9219 251.0 36
157.6094 248.8 36
159.2969 247.0 38
158.6563 245.5 38
159.8750 244.0 35
161.1875 242.5 38
162.5469 241.5 30
163.5625 240.3 36
165.6094 239.3 41
166.1250 238.3 35
167.7500 237.5 36
168.3750 237.0 36
169.5313 236.8 37
171.2344 236.3 34
173.5938 236.0 32
174.7813 235.5 36
175.9688 235.0 38
175.6875 235.3 36
176.9375 235.8 36
179.5313 236.0 34
179.0469 236.3 33
181.9063 236.3 37
182.9688 237.0 36
184.2813 237.5 38
183.3594 238.5 41
186.6406 239.0 41
186.2188 240.5 36
186.9375 241.3 36
190.2031 242.3 38
189.7500 243.5 39
191.3281 244.8 40
192.4219 246.8 32
193.5625 248.3 37
195.1094 250.3 37
195.5313 252.0 32
197.4531 254.0 33
198.8594 256.3 33
199.7031 258.5 32
200.9063 261.3 31
200.8438 263.5 29
202.8906 266.8 32
203.9219 269.3 29
204.6875 272.8 30
206.0938 275.8 32
207.4844 279.5 31
208.1563 283.3 29
209.1719 287.3 29
209.9063 291.5 30
211.0156 295.8 29
212.2656 300.3 29
213.7031 304.5 27
214.9688 309.3 28
216.2500 314.5 23
216.8750 320.0 25
217.8594 325.3 27
219.4688 332.0 28
220.1875 337.8 25
221.7031 345.0 26
222.2969 352.3 24
223.5938 359.8 23
224.6250 367.8 27
225.9688 376.3 24
227.1250 385.5 22
227.9063 395.5 20
229.2500 405.8 23
230.3281 417.8 20
231.4531 431.0 31
232.6563 421.5 27
234.0000 416.5 25
235.2500 412.3 27
236.4219 407.5 30
237.8750 403.3 29
238.8125 399.3 26
240.3750 395.5 29
241.4219 392.0 29
242.7344 388.8 27
244.1719 385.3 29
245.3438 382.8 27
246.4219 380.0 27
247.5781 377.5 28
248.6719 375.3 29
250.2031 373.0 29
251.1406 371.5 29
252.4375 370.0 29
253.5938 368.5 31
254.7500 367.3 32
256.2969 365.8 32
257.3281 364.8 33
258.7188 364.0 33
260.0156 363.3 37
261.0000 363.0 34
262.1563 362.5 37
263.1875 362.3 40
264.5313 362.0 42
265.9219 362.3 41
267.1563 362.0 39
269.6250 363.5 39
270.7656 364.3 36
271.7500 364.8 35
272.8125 366.0 34
274.2188 367.0 34
275.3906 368.3 33
276.2813 370.0 29
277.8438 371.8 28
279.0156 373.5 28
279.8906 375.3 29
281.0625 378.0 28
282.2500 379.8 25
283.5156 383.5 26
284.5781 384.8 28
285.9375 388.0 28
287.0781 391.5 28
288.3125 394.8 28
289.2656 398.8 24
290.6563 401.8 28
291.7031 406.0 25
292.8125 410.3 28
293.9375 415.3 26
295.0313 420.0 24
296.4063 425.3 23
297.5781 431.0 25
298.6250 437.3 23
299.8906 446.5 31
301.0000 427.5 23
302.4688 415.5 20
303.4375 404.5 24
305.1406 393.8 26
306.1250 384.3 27
307.4219 374.8 25
308.7188 366.8 27
310.0781 358.5 26
311.2344 350.8 27
312.7031 344.3 29
313.7188 338.0 32
314.7813 331.8 30
316.0781 326.5 29
317.5938 320.5 28
318.8594 316.0 29
319.7500 311.3 30
321.3281 307.3 31
322.7969 302.8 33
323.8750 299.0 32
325.4219 295.0 34
326.5156 291.8 34
327.4688 288.3 32
329.2969 285.0 35
330.5000 282.0 34
331.3750 279.5 32
332.8594 276.8 34
334.0938 274.0 33
335.0469 272.3 37
335.9688 270.5 37
337.8281 268.3 37
338.5781 266.8 36
339.6250 265.0 34
341.0938 263.5 31
342.1563 262.8 38
343.3438 261.3 35
345.1563 260.3 37
345.8125 259.3 35
347.3281 258.5 36
349.0469 258.0 35
349.2969 257.5 34
351.1875 257.0 35
351.9219 256.8 35
353.0781 256.5 35
354.5469 256.5 36
355.7500 256.5 36
357.3906 256.5 34
358.8125 256.8 36
359.5313 257.3 34
1.3750 257.8 36
2.0938 259.0 37
2.7031 259.8 39
