#RPLIDAR SCAN DATA
#COUNT=301
#Angule	Distance	Quality
3.0938 294.5 31
4.5938 298.0 31
6.0156 301.3 33
6.9844 304.8 32
8.2031 309.0 31
9.2188 312.8 27
9.9063 317.3 28
11.0938 321.5 30
12.3750 326.3 28
13.7500 331.3 28
14.9375 336.0 29
15.4844 342.5 26
17.2031 348.0 28
18.1094 354.5 25
19.1250 360.8 27
20.2813 367.8 24
21.5000 374.5 21
22.2813 383.0 25
23.7500 390.5 19
24.7188 399.0 22
25.6094 400.5 23
26.9688 394.3 22
28.5313 388.5 22
29.3281 383.0 22
30.6563 377.3 21
32.1563 372.3 22
33.4688 367.8 27
34.4063 363.8 26
35.8750 359.3 26
37.0469 355.5 25
38.1406 351.5 29
39.4688 348.3 29
40.7656 345.0 27
41.6563 342.3 31
43.1875 338.8 29
44.5469 336.5 30
45.6719 334.0 29
46.6094 332.0 32
47.8906 329.8 32
49.0781 328.0 30
50.6875 326.0 29
52.1406 324.0 29
53.3750 322.8 31
54.2344 321.5 33
55.1875 320.3 31
56.5156 319.8 31
57.8594 318.5 34
59.1563 318.0 36
60.3438 317.3 34
61.4375 316.8 32
62.3125 316.5 34
63.8906 316.5 35
64.7188 316.5 36
65.9063 316.8 34
67.1719 317.0 34
68.4375 317.0 37
70.2344 317.5 33
71.1094 318.3 35
72.0625 319.5 30
73.4531 320.3 30
74.9531 320.8 30
76.1563 322.5 36
76.9531 323.5 32
78.3594 325.3 33
79.0469 327.0 29
80.5938 328.8 28
82.0313 330.3 30
82.8750 332.5 30
84.1406 335.0 29
85.4063 337.3 28
86.1875 340.0 28
87.8125 342.8 27
88.9531 345.8 26
90.0938 349.0 30
91.1406 352.3 26
92.1250 356.0 30
93.6250 359.0 28
94.7500 363.5 27
95.6719 367.3 26
97.0313 371.8 24
98.0156 376.5 23
99.1875 381.8 24
100.4844 387.0 24
101.3438 394.3 28
102.8594 379.5 23
103.8281 370.3 23
105.1875 361.0 29
106.4375 352.0 27
107.8125 344.8 28
109.3906 336.8 27
110.4844 330.0 31
112.1250 322.5 30
113.5313 317.0 27
114.2500 311.5 29
115.6563 306.0 31
116.9844 301.3 32
118.0156 296.3 28
119.0313 291.5 32
121.2031 286.3 31
121.5781 282.5 34
123.7656 278.8 33
125.1563 275.0 31
125.7188 271.5 34
126.5156 268.0 36
129.0625 264.8 32
129.4844 262.3 38
131.5469 259.3 32
132.4688 256.5 34
132.9219 254.5 34
135.0000 252.3 33
136.4844 250.3 38
136.4531 248.5 36
139.1875 246.8 37
140.1563 245.0 37
140.2656 243.8 37
143.0469 242.3 35
144.3125 241.0 35
144.4219 240.0 38
145.2500 239.0 40
147.3438 238.3 33
149.5781 237.5 36
149.1875 236.8 36
150.0313 236.5 36
151.7188 236.3 31
153.9375 236.0 34
153.7188 235.8 37
156.7344 235.8 39
157.9375 235.8 36
158.0313 236.0 32
158.8906 236.3 33
159.6563 236.5 31
161.3125 236.8 38
162.3750 237.3 38
165.1094 237.8 34
164.8281 238.8 41
166.9219 239.3 37
167.2813 240.5 36
168.4063 241.5 31
170.8125 242.8 33
171.1250 244.3 34
171.6563 245.5 40
172.6406 247.0 38
173.9375 248.8 39
174.8281 250.8 38
176.4375 252.8 34
176.7969 255.0 29
178.6250 257.3 34
179.0938 259.5 31
181.3281 261.8 36
182.5156 264.5 29
183.2656 267.3 30
183.6406 270.8 34
184.8750 273.8 31
186.7656 277.3 32
187.9531 280.8 34
189.0156 284.3 28
189.5625 288.3 29
191.2031 292.3 30
191.8906 297.3 30
193.1406 301.5 33
194.0313 306.3 31
195.1719 311.5 27
196.2969 315.5 24
197.4219 321.3 26
198.4219 327.5 25
199.9063 333.5 24
200.8594 340.3 27
201.9063 347.0 25
203.4219 354.3 23
204.3125 361.8 24
205.2500 370.0 22
206.7188 378.3 22
207.3906 387.5 24
208.7969 397.3 22
210.0156 407.8 22
210.9063 420.3 21
211.9219 433.8 18
213.1406 438.0 26
214.2656 433.8 24
215.7813 429.0 26
216.9219 424.3 27
217.9375 419.3 26
219.1563 415.5 28
220.5781 411.3 29
222.0313 407.5 29
222.8281 404.0 30
224.3594 401.3 29
225.3906 398.3 28
226.5625 395.8 29
228.0469 392.8 32
229.2031 390.8 27
230.5000 388.5 30
231.7969 386.5 31
232.8750 385.3 31
233.9531 383.8 35
235.3281 382.8 35
236.3906 380.8 32
237.6563 380.0 34
238.8281 379.0 31
240.0938 379.0 33
241.6094 377.5 33
242.8438 377.3 35
244.1094 377.0 34
245.0781 377.0 37
246.5625 377.3 37
247.4219 377.5 37
248.7031 374.8 11
249.7969 379.5 38
251.0000 380.3 36
252.3594 381.3 37
253.5469 381.8 32
254.8594 383.0 31
256.1094 384.8 34
257.3125 385.8 29
258.3906 387.5 30
259.2344 389.8 30
260.7969 391.8 32
261.5938 394.0 29
262.8281 396.8 28
263.8750 399.5 30
265.2344 402.0 28
266.6563 404.8 30
267.5156 408.5 27
268.7188 412.8 28
270.0625 416.0 24
271.2969 419.8 25
272.2188 424.3 24
273.4844 429.8 29
274.5000 435.0 27
275.5781 439.5 22
276.8750 446.0 25
278.1719 451.0 27
279.4063 450.5 24
280.5781 436.5 24
282.0313 422.5 22
283.4063 410.3 25
284.4063 399.3 23
285.7969 389.5 23
286.9844 380.3 26
288.4688 370.8 24
289.3906 363.5 25
291.0781 355.3 25
292.1406 349.0 31
293.5156 341.5 30
294.7344 335.5 31
296.1406 329.0 27
297.5156 323.5 29
298.3125 318.8 32
300.0156 313.8 29
301.0156 309.3 31
302.5469 305.0 33
303.5156 301.3 33
304.8906 297.5 31
306.0625 293.3 31
307.1406 290.3 34
308.5469 287.0 32
309.7500 283.8 31
311.4531 280.8 29
312.0156 278.3 35
313.8594 275.8 36
315.2813 273.8 31
315.5781 271.3 39
316.8594 269.5 32
318.7500 267.8 36
319.8125 266.0 34
320.8594 264.8 34
321.7813 263.3 38
323.8906 262.0 40
324.1719 261.0 37
326.1094 260.0 37
327.5625 259.0 36
327.7344 258.5 35
329.3438 257.8 36
330.3594 257.3 34
332.3281 257.0 36
332.9219 256.8 34
333.7500 257.0 34
336.0156 257.0 34
336.2031 257.0 35
337.2813 257.3 35
338.5781 257.5 35
339.7656 258.3 36
342.2969 258.5 38
343.0469 259.0 35
343.2031 260.3 37
344.4688 261.0 37
345.7813 262.0 40
347.0469 263.3 41
347.8281 264.8 30
349.2188 266.0 33
351.2344 267.5 35
351.5938 269.3 30
352.9844 271.0 35
353.8281 273.0 31
355.1719 275.0 34
356.2344 277.3 33
357.3750 279.8 31
358.7656 282.0 32
359.5625 285.0 31
1.5156 287.5 31
1.9375 291.0 34
