#RPLIDAR SCAN DATA
#COUNT=302
#Angule	Distance	Quality
1.9688 383.8 24
3.4219 378.0 21
4.4844 374.0 20
5.8906 369.3 20
7.0781 364.8 24
8.3281 360.5 25
9.7031 355.5 21
10.5625 351.8 22
11.8281 348.0 22
13.0625 342.5 18
14.5000 337.8 19
15.6094 330.5 20
17.4531 327.3 17
18.3125 324.5 19
19.6094 321.0 16
20.8125 317.8 19
22.1719 312.8 18
22.9531 310.8 19
24.2656 308.5 21
25.5000 306.8 20
27.0000 305.8 20
28.4219 304.8 19
29.7500 303.3 17
30.9688 301.8 20
31.9531 301.5 20
32.9688 300.0 20
34.2969 300.0 21
35.3750 299.8 22
36.2031 299.5 19
38.0625 299.5 22
39.2813 298.5 26
40.5000 297.8 33
41.7344 297.8 35
42.3594 298.5 31
43.7188 298.8 35
45.3906 299.5 34
45.9531 300.3 34
47.6875 300.5 33
48.3750 301.8 34
49.4063 303.3 33
51.2344 304.3 32
52.0938 305.5 34
52.9063 306.8 32
54.2031 308.8 31
55.6563 310.3 32
56.6563 311.8 28
57.5469 314.3 27
58.9844 316.3 28
60.3594 318.8 31
61.3906 321.0 27
62.6875 323.8 28
63.5938 327.0 26
64.7969 330.3 27
65.5938 333.5 25
67.1250 336.8 25
68.1719 340.8 27
69.1250 344.3 27
70.7969 348.5 28
71.5313 353.0 24
73.0625 357.3 28
73.8438 362.0 25
75.1719 367.3 24
76.3125 369.8 27
77.3125 364.3 27
78.7031 355.8 24
80.1250 347.3 27
81.6563 339.3 27
82.5625 331.5 27
83.8438 324.5 28
85.6094 317.5 29
86.9844 311.5 29
88.2031 305.8 29
89.5156 300.5 29
90.8125 294.8 31
91.8750 290.3 29
92.8281 285.3 30
95.0000 280.8 35
95.9531 276.5 31
96.9063 273.0 30
97.8750 269.0 31
99.5625 265.8 31
101.2344 262.3 39
102.2031 259.3 30
104.3438 255.8 35
104.9688 253.5 33
105.8125 251.0 35
106.8594 248.5 36
108.0625 246.8 31
110.0938 244.3 33
110.5313 242.5 32
111.8906 241.0 32
113.2656 239.3 39
114.1563 238.3 36
116.6719 236.8 34
117.4844 235.8 37
118.0781 234.3 37
120.3281 233.5 38
121.9375 232.5 39
123.1250 231.8 37
123.0000 231.3 41
125.5000 230.8 39
126.6875 230.3 35
126.6250 230.0 35
127.3750 229.8 35
128.4375 229.8 35
131.4375 229.8 32
132.0000 229.8 34
133.4063 230.0 35
133.1719 230.3 37
136.1875 230.8 36
135.7969 231.3 36
137.5313 231.8 34
139.7500 232.5 40
140.9375 233.5 34
140.1563 234.3 37
143.3125 235.5 34
142.6250 236.5 35
144.1875 237.5 35
147.2656 239.0 38
146.3281 240.5 39
147.3906 242.3 34
149.1719 243.8 34
150.0781 245.5 40
151.1563 247.5 36
153.3125 249.5 38
153.7188 251.8 38
154.2656 254.5 33
156.7656 256.8 33
156.4219 259.8 36
157.5469 262.5 38
159.8125 265.0 30
160.9063 268.8 28
161.9375 272.3 34
162.5156 275.8 30
163.2188 279.3 29
165.2344 283.5 28
166.2656 287.5 29
166.5469 292.5 29
168.3125 296.3 26
169.3594 301.5 28
169.9063 306.5 31
171.0781 311.5 29
172.0156 317.0 26
173.4844 322.8 31
174.5938 329.0 25
175.4375 335.5 26
176.7188 342.5 24
178.0469 349.3 28
178.7031 357.3 28
179.7656 365.8 25
180.8906 374.3 20
182.1406 384.0 23
183.3750 393.3 22
184.3438 403.5 24
185.2188 415.5 18
186.4688 428.0 19
187.8906 441.3 21
188.7188 453.3 32
190.0469 447.8 31
191.1406 444.5 26
192.4375 440.0 25
193.6406 435.8 29
194.8438 431.8 28
196.1406 427.5 29
197.5000 424.3 27
198.7969 420.8 31
199.9063 417.3 27
200.9375 414.8 29
202.2969 412.3 27
203.7188 409.3 32
204.7969 407.0 29
206.0469 405.3 31
207.2344 402.8 32
208.3438 402.0 33
209.5000 401.0 32
210.9688 399.0 32
212.1719 398.3 31
213.2500 397.5 32
214.2344 396.8 34
215.8594 396.3 31
217.0000 396.0 35
218.2500 395.8 35
219.4219 395.8 34
220.5938 395.3 35
221.7031 396.3 35
223.0156 384.0 10
223.8750 397.3 34
225.2188 398.3 34
226.3438 399.8 38
227.3750 400.5 36
228.7813 402.0 34
229.7500 403.0 34
231.1250 404.5 33
232.0938 406.8 26
233.2813 409.3 31
234.5313 411.3 29
236.0469 413.8 27
237.0469 415.8 24
238.2344 419.8 26
239.3594 422.5 28
240.4688 425.0 26
241.9375 429.5 28
242.8594 433.8 25
244.0156 437.5 23
245.3906 442.3 29
246.4219 446.8 27
247.6250 451.5 30
249.0313 456.8 28
249.9531 462.3 26
251.1094 468.3 23
252.3125 475.3 28
253.7031 458.5 22
254.8125 444.0 22
256.2188 430.8 23
257.4063 418.0 23
259.0156 407.0 24
260.0000 396.3 23
261.5156 387.0 26
262.7969 378.0 25
264.0469 370.0 25
265.4219 362.5 29
266.4531 355.3 26
267.9531 348.3 30
268.9531 341.8 27
270.4375 336.5 30
271.8125 330.3 28
273.4375 324.5 30
274.7500 319.3 33
275.9063 315.5 29
277.3125 310.8 33
278.3906 306.5 33
279.7813 303.3 30
280.9531 300.0 31
281.9688 296.5 32
282.9688 293.3 30
284.3438 290.3 33
285.8438 287.3 33
287.2188 284.5 32
288.0313 282.3 35
289.3125 279.5 32
291.1250 277.3 37
291.7188 275.8 35
292.6563 274.0 32
294.3438 271.8 40
295.4688 270.8 38
296.3594 269.5 33
298.7500 267.8 37
299.1563 267.0 33
300.4844 266.0 37
302.0781 265.3 33
303.2813 264.8 33
304.5625 263.8 32
305.3125 263.5 33
306.2813 263.3 39
307.8906 263.0 38
309.5469 262.8 42
310.7969 263.3 34
310.9688 263.5 36
313.1719 263.5 35
313.5938 264.0 33
314.8906 264.8 32
315.6563 265.3 35
317.4844 265.8 35
317.8281 267.0 33
319.4375 267.5 38
320.1563 269.0 34
321.6875 269.5 31
322.5313 271.3 35
324.2031 273.0 35
324.7656 274.8 36
326.7344 276.3 34
327.6563 278.0 35
328.5938 280.3 36
330.1719 282.5 34
330.6406 284.8 34
331.8438 287.3 34
332.8281 289.8 32
333.9531 292.8 34
335.3125 295.8 33
336.7500 298.5 28
337.5781 302.0 31
338.7344 305.0 32
340.3906 308.5 31
340.8125 313.0 29
342.2344 316.3 30
343.4063 320.5 28
344.4688 325.0 27
345.6094 329.8 31
347.0469 334.8 30
347.7188 340.0 30
348.6719 345.5 25
350.0313 351.0 28
351.1563 356.5 24
352.5625 363.0 25
353.6250 369.5 24
354.7344 376.8 23
355.8125 384.5 24
356.7813 393.0 27
358.1250 400.8 25
359.2188 396.0 20
0.5781 391.0 24
1.8750 385.5 21
